# plotting_data3.dat
# First data block (index 0)
# X   Y
1 68946.2862566952826455235481262207031250000000000000000000000000
2 22438.1439801673986949026584625244140625000000000000000000000000
3 6407.0074108642111241351813077926635742187500000000000000000000
4 3856.7828868931756005622446537017822265625000000000000000000000
5 1327.0269344844359693524893373250961303710937500000000000000000
6 679.4919506248617153687519021332263946533203125000000000000000
7 5.4322518623885516220184399571735411882400512695312500000000
8 5.3650423751991933585259175742976367473602294921875000000000
9 2.6761177700871536799809291551355272531509399414062500000000
10 0.1951714484480052136383676497644046321511268615722656250000
11 0.1951714484480052136383676497644046321511268615722656250000
12 0.0885780500932226155796911370998714119195938110351562500000
13 0.0354336609170424754466921513085253536701202392578125000000
14 0.0155008067778619786081240050634733051992952823638916015625
15 0.0050626878646286834970147161527620482956990599632263183594
16 0.0018076400834989162294541564790506527060642838478088378906
17 0.0003017474177148158037513325790968110595713369548320770264
18 0.0002163399845503373517940221004707268548372667282819747925
19 0.0000118093706484142128761713821938350577056553447619080544
20 0.0000085670443990926240109646735976234310783183900639414787
21 0.0000028679298565624222400248337361272632506370428018271923
22 0.0000014040200663240673639416480900088401995162712410092354
23 0.0000002163532455685943648715903681392647150971697556087747
24 0.0000001069646810439871351339091872477415900988262364990078
25 0.0000000549012948845593696719640268086304324413049471331760
26 0.0000000130190897799830393010271328119685507740399543763488
27 0.0000000130190897799830393010271328119685507740399543763488
28 0.0000000130190897799830393010271328119685507740399543763488
29 0.0000000060606152443210769528376391230943542876019591858494
30 0.0000000012939842088199905122963918798493013206929447278526
31 0.0000000003858478285407527081542354431933136010846041585864
32 0.0000000000914327814403723052193443177046764357152053293021
33 0.0000000000914327814403723052193443177046764357152053293021
34 0.0000000000192477823956694711679208579943478759320674154054
35 0.0000000000091971981522617922716738402142852245365473029537
36 0.0000000000021375654935385610157481006332755451323883455483
37 0.0000000000006556447682916081978254588525301525705861471760
38 0.0000000000004482413488378788297253643502644679161143505264
39 0.0000000000001015108187352435241971368481482364923453162384
40 0.0000000000000376408521271665763793200307254060181440680904
41 0.0000000000000113155169701645550708322586485465180825867168
42 0.0000000000000023336145941780404930560312769746104969990669
43 0.0000000000000010397239224269474817924537762980410224314073
44 0.0000000000000003740207183373646395990316753768972638922320
45 0.0000000000000001200485241351204570376718381933266885907571
46 0.0000000000000000284484969725652611807785657758531870355274
47 0.0000000000000000219622099863394404010244078591083397806754
48 0.0000000000000000073022670579615264799049115554748288808299
49 0.0000000000000000023862578570243025517832262768038030277397
50 0.0000000000000000002777358125651831161167735932949670248553
51 0.0000000000000000002777358125651831161167735932949670248553
52 0.0000000000000000000674128343533519426655011190595224725965
53 0.0000000000000000000435228323673279827672849223426314068566
54 0.0000000000000000000235012152615308309908829865258493196992
55 0.0000000000000000000022835793038287881210252111307448968261
56 0.0000000000000000000022835793038287881210252111307448968261
57 0.0000000000000000000019081781091935309516005368131025281997
58 0.0000000000000000000010935938841416854162981002716167087498
59 0.0000000000000000000002465427225989217550922753255707139441
60 0.0000000000000000000001444569880014517221071511803464676984
61 0.0000000000000000000000285644376948753513709440818584344343
62 0.0000000000000000000000285644376948753513709440818584344343
63 0.0000000000000000000000036550342525682718496607957001031620
64 0.0000000000000000000000031004452009386452767146043756836582
65 0.0000000000000000000000017112555166303580918478000899994750
66 0.0000000000000000000000004568316416368969877488894073555977
67 0.0000000000000000000000003067698457569319970630350506606197
68 0.0000000000000000000000000199587829593483251763074572953431
69 0.0000000000000000000000000199587829593483251763074572953431
70 0.0000000000000000000000000031151508767471082808890583107678
71 0.0000000000000000000000000014540026941509255892906255393922
72 0.0000000000000000000000000006767121603311355347996147349558
73 0.0000000000000000000000000002327423738436864548414263491746
74 0.0000000000000000000000000000224006449592370399495787912044
75 0.0000000000000000000000000000224006449592370399495787912044
76 0.0000000000000000000000000000080079213789046160712406966479
77 0.0000000000000000000000000000049964371097457720410093111217
78 0.0000000000000000000000000000015202181647239633197801135890
79 0.0000000000000000000000000000015202181647239633197801135890
80 0.0000000000000000000000000000014139524101628553025534364592
81 0.0000000000000000000000000000008801689517436611707029817476
82 0.0000000000000000000000000000008801689517436611707029817476
83 0.0000000000000000000000000000008801689517436611707029817476
84 0.0000000000000000000000000000008801689517436611707029817476
85 0.0000000000000000000000000000008801689517436611707029817476
86 0.0000000000000000000000000000008801689517436611707029817476
87 0.0000000000000000000000000000008801689517436611707029817476
88 0.0000000000000000000000000000008801689517436611707029817476
89 0.0000000000000000000000000000008801689517436611707029817476
90 0.0000000000000000000000000000008801689517436611707029817476
91 0.0000000000000000000000000000008801689517436611707029817476
92 0.0000000000000000000000000000008801689517436611707029817476
93 0.0000000000000000000000000000008801689517436611707029817476
94 0.0000000000000000000000000000008801689517436611707029817476
95 0.0000000000000000000000000000008733874382283720014524972989
96 0.0000000000000000000000000000008733874382283720014524972989
97 0.0000000000000000000000000000008733874382283720014524972989
98 0.0000000000000000000000000000008733874382283720014524972989
99 0.0000000000000000000000000000008733874382283720014524972989
100 0.0000000000000000000000000000006790090575365550995783251248
101 0.0000000000000000000000000000000131851620301579528146859762
102 0.0000000000000000000000000000000131851620301579528146859762
103 0.0000000000000000000000000000000117749122338681274978419796
104 0.0000000000000000000000000000000090363086360040848196169961
105 0.0000000000000000000000000000000034007702368939564892677251
106 0.0000000000000000000000000000000034007702368939564892677251
107 0.0000000000000000000000000000000004840261054165048117773091
108 0.0000000000000000000000000000000004840261054165048117773091
109 0.0000000000000000000000000000000001851091982069637265325700
110 0.0000000000000000000000000000000001465699637421282845793497
111 0.0000000000000000000000000000000000490327720339227458876660
112 0.0000000000000000000000000000000000053107712781506803425737
113 0.0000000000000000000000000000000000024847968026319668097152
114 0.0000000000000000000000000000000000018093665199324267408334
115 0.0000000000000000000000000000000000002142012014627582708700
116 0.0000000000000000000000000000000000000717663096761819378906
117 0.0000000000000000000000000000000000000699006145344141286586
118 0.0000000000000000000000000000000000000087546546532962921882
119 0.0000000000000000000000000000000000000000390376308493982889
120 0.0000000000000000000000000000000000000000390376308493982889
121 0.0000000000000000000000000000000000000000390376308493982889
122 0.0000000000000000000000000000000000000000203912336318332451
123 0.0000000000000000000000000000000000000000203912336318332451
124 0.0000000000000000000000000000000000000000116573634988311996
125 0.0000000000000000000000000000000000000000000478391054929952
126 0.0000000000000000000000000000000000000000000478391054929952
127 0.0000000000000000000000000000000000000000000478391054929952
128 0.0000000000000000000000000000000000000000000478391054929952
129 0.0000000000000000000000000000000000000000000423673648578431
130 0.0000000000000000000000000000000000000000000231098368915574
131 0.0000000000000000000000000000000000000000000031496354212683
132 0.0000000000000000000000000000000000000000000022693959284457
133 0.0000000000000000000000000000000000000000000009167696630481
134 0.0000000000000000000000000000000000000000000001744743619234
135 0.0000000000000000000000000000000000000000000001744743619234
136 0.0000000000000000000000000000000000000000000001680491918855
137 0.0000000000000000000000000000000000000000000000568579472165
138 0.0000000000000000000000000000000000000000000000035417803575
139 0.0000000000000000000000000000000000000000000000017505070278
140 0.0000000000000000000000000000000000000000000000017505070278
141 0.0000000000000000000000000000000000000000000000007468507467
142 0.0000000000000000000000000000000000000000000000002470427167
143 0.0000000000000000000000000000000000000000000000001463319804
144 0.0000000000000000000000000000000000000000000000001186388421
145 0.0000000000000000000000000000000000000000000000001186388421
146 0.0000000000000000000000000000000000000000000000000150861381
147 0.0000000000000000000000000000000000000000000000000084240565
148 0.0000000000000000000000000000000000000000000000000019517903
149 0.0000000000000000000000000000000000000000000000000003736217
150 0.0000000000000000000000000000000000000000000000000001357690
151 0.0000000000000000000000000000000000000000000000000000213348
152 0.0000000000000000000000000000000000000000000000000000213348
153 0.0000000000000000000000000000000000000000000000000000047312
154 0.0000000000000000000000000000000000000000000000000000023601
155 0.0000000000000000000000000000000000000000000000000000007935
156 0.0000000000000000000000000000000000000000000000000000000894
157 0.0000000000000000000000000000000000000000000000000000000894
158 0.0000000000000000000000000000000000000000000000000000000296
159 0.0000000000000000000000000000000000000000000000000000000100
160 0.0000000000000000000000000000000000000000000000000000000039
161 0.0000000000000000000000000000000000000000000000000000000015
162 0.0000000000000000000000000000000000000000000000000000000009
163 0.0000000000000000000000000000000000000000000000000000000002
164 0.0000000000000000000000000000000000000000000000000000000001
165 0.0000000000000000000000000000000000000000000000000000000000
166 0.0000000000000000000000000000000000000000000000000000000000
167 0.0000000000000000000000000000000000000000000000000000000000
168 0.0000000000000000000000000000000000000000000000000000000000
169 0.0000000000000000000000000000000000000000000000000000000000
170 0.0000000000000000000000000000000000000000000000000000000000
171 0.0000000000000000000000000000000000000000000000000000000000
172 0.0000000000000000000000000000000000000000000000000000000000
173 0.0000000000000000000000000000000000000000000000000000000000
174 0.0000000000000000000000000000000000000000000000000000000000
175 0.0000000000000000000000000000000000000000000000000000000000
176 0.0000000000000000000000000000000000000000000000000000000000
177 0.0000000000000000000000000000000000000000000000000000000000
178 0.0000000000000000000000000000000000000000000000000000000000
179 0.0000000000000000000000000000000000000000000000000000000000
180 0.0000000000000000000000000000000000000000000000000000000000
181 0.0000000000000000000000000000000000000000000000000000000000
182 0.0000000000000000000000000000000000000000000000000000000000
183 0.0000000000000000000000000000000000000000000000000000000000
184 0.0000000000000000000000000000000000000000000000000000000000
185 0.0000000000000000000000000000000000000000000000000000000000
186 0.0000000000000000000000000000000000000000000000000000000000
187 0.0000000000000000000000000000000000000000000000000000000000
188 0.0000000000000000000000000000000000000000000000000000000000
189 0.0000000000000000000000000000000000000000000000000000000000
190 0.0000000000000000000000000000000000000000000000000000000000
191 0.0000000000000000000000000000000000000000000000000000000000
192 0.0000000000000000000000000000000000000000000000000000000000
193 0.0000000000000000000000000000000000000000000000000000000000
194 0.0000000000000000000000000000000000000000000000000000000000
195 0.0000000000000000000000000000000000000000000000000000000000
196 0.0000000000000000000000000000000000000000000000000000000000
197 0.0000000000000000000000000000000000000000000000000000000000
198 0.0000000000000000000000000000000000000000000000000000000000
199 0.0000000000000000000000000000000000000000000000000000000000
200 0.0000000000000000000000000000000000000000000000000000000000
201 0.0000000000000000000000000000000000000000000000000000000000
202 0.0000000000000000000000000000000000000000000000000000000000
203 0.0000000000000000000000000000000000000000000000000000000000
204 0.0000000000000000000000000000000000000000000000000000000000
205 0.0000000000000000000000000000000000000000000000000000000000
206 0.0000000000000000000000000000000000000000000000000000000000
207 0.0000000000000000000000000000000000000000000000000000000000
208 0.0000000000000000000000000000000000000000000000000000000000
209 0.0000000000000000000000000000000000000000000000000000000000
210 0.0000000000000000000000000000000000000000000000000000000000
211 0.0000000000000000000000000000000000000000000000000000000000
212 0.0000000000000000000000000000000000000000000000000000000000
213 0.0000000000000000000000000000000000000000000000000000000000
214 0.0000000000000000000000000000000000000000000000000000000000
215 0.0000000000000000000000000000000000000000000000000000000000
216 0.0000000000000000000000000000000000000000000000000000000000
217 0.0000000000000000000000000000000000000000000000000000000000
218 0.0000000000000000000000000000000000000000000000000000000000
219 0.0000000000000000000000000000000000000000000000000000000000
220 0.0000000000000000000000000000000000000000000000000000000000
221 0.0000000000000000000000000000000000000000000000000000000000
222 0.0000000000000000000000000000000000000000000000000000000000
223 0.0000000000000000000000000000000000000000000000000000000000
224 0.0000000000000000000000000000000000000000000000000000000000
225 0.0000000000000000000000000000000000000000000000000000000000
226 0.0000000000000000000000000000000000000000000000000000000000
227 0.0000000000000000000000000000000000000000000000000000000000
228 0.0000000000000000000000000000000000000000000000000000000000
229 0.0000000000000000000000000000000000000000000000000000000000
230 0.0000000000000000000000000000000000000000000000000000000000
231 0.0000000000000000000000000000000000000000000000000000000000
232 0.0000000000000000000000000000000000000000000000000000000000
233 0.0000000000000000000000000000000000000000000000000000000000
234 0.0000000000000000000000000000000000000000000000000000000000
235 0.0000000000000000000000000000000000000000000000000000000000
236 0.0000000000000000000000000000000000000000000000000000000000
237 0.0000000000000000000000000000000000000000000000000000000000
238 0.0000000000000000000000000000000000000000000000000000000000
239 0.0000000000000000000000000000000000000000000000000000000000
240 0.0000000000000000000000000000000000000000000000000000000000
241 0.0000000000000000000000000000000000000000000000000000000000
242 0.0000000000000000000000000000000000000000000000000000000000
243 0.0000000000000000000000000000000000000000000000000000000000
244 0.0000000000000000000000000000000000000000000000000000000000
245 0.0000000000000000000000000000000000000000000000000000000000
246 0.0000000000000000000000000000000000000000000000000000000000
247 0.0000000000000000000000000000000000000000000000000000000000
248 0.0000000000000000000000000000000000000000000000000000000000
249 0.0000000000000000000000000000000000000000000000000000000000
250 0.0000000000000000000000000000000000000000000000000000000000
251 0.0000000000000000000000000000000000000000000000000000000000
252 0.0000000000000000000000000000000000000000000000000000000000
253 0.0000000000000000000000000000000000000000000000000000000000
254 0.0000000000000000000000000000000000000000000000000000000000
255 0.0000000000000000000000000000000000000000000000000000000000
256 0.0000000000000000000000000000000000000000000000000000000000
257 0.0000000000000000000000000000000000000000000000000000000000
258 0.0000000000000000000000000000000000000000000000000000000000
259 0.0000000000000000000000000000000000000000000000000000000000
260 0.0000000000000000000000000000000000000000000000000000000000
261 0.0000000000000000000000000000000000000000000000000000000000
262 0.0000000000000000000000000000000000000000000000000000000000
263 0.0000000000000000000000000000000000000000000000000000000000
264 0.0000000000000000000000000000000000000000000000000000000000
265 0.0000000000000000000000000000000000000000000000000000000000
266 0.0000000000000000000000000000000000000000000000000000000000
267 0.0000000000000000000000000000000000000000000000000000000000
268 0.0000000000000000000000000000000000000000000000000000000000
269 0.0000000000000000000000000000000000000000000000000000000000
270 0.0000000000000000000000000000000000000000000000000000000000
271 0.0000000000000000000000000000000000000000000000000000000000
272 0.0000000000000000000000000000000000000000000000000000000000
273 0.0000000000000000000000000000000000000000000000000000000000
274 0.0000000000000000000000000000000000000000000000000000000000
275 0.0000000000000000000000000000000000000000000000000000000000
276 0.0000000000000000000000000000000000000000000000000000000000
277 0.0000000000000000000000000000000000000000000000000000000000
278 0.0000000000000000000000000000000000000000000000000000000000
279 0.0000000000000000000000000000000000000000000000000000000000
280 0.0000000000000000000000000000000000000000000000000000000000
281 0.0000000000000000000000000000000000000000000000000000000000
282 0.0000000000000000000000000000000000000000000000000000000000
283 0.0000000000000000000000000000000000000000000000000000000000
284 0.0000000000000000000000000000000000000000000000000000000000
285 0.0000000000000000000000000000000000000000000000000000000000
286 0.0000000000000000000000000000000000000000000000000000000000
287 0.0000000000000000000000000000000000000000000000000000000000
288 0.0000000000000000000000000000000000000000000000000000000000
289 0.0000000000000000000000000000000000000000000000000000000000
290 0.0000000000000000000000000000000000000000000000000000000000
291 0.0000000000000000000000000000000000000000000000000000000000
292 0.0000000000000000000000000000000000000000000000000000000000
293 0.0000000000000000000000000000000000000000000000000000000000
294 0.0000000000000000000000000000000000000000000000000000000000
295 0.0000000000000000000000000000000000000000000000000000000000
296 0.0000000000000000000000000000000000000000000000000000000000
297 0.0000000000000000000000000000000000000000000000000000000000
298 0.0000000000000000000000000000000000000000000000000000000000
299 0.0000000000000000000000000000000000000000000000000000000000
300 0.0000000000000000000000000000000000000000000000000000000000
301 0.0000000000000000000000000000000000000000000000000000000000
302 0.0000000000000000000000000000000000000000000000000000000000
303 0.0000000000000000000000000000000000000000000000000000000000
304 0.0000000000000000000000000000000000000000000000000000000000
305 0.0000000000000000000000000000000000000000000000000000000000
306 0.0000000000000000000000000000000000000000000000000000000000
307 0.0000000000000000000000000000000000000000000000000000000000
308 0.0000000000000000000000000000000000000000000000000000000000
309 0.0000000000000000000000000000000000000000000000000000000000
310 0.0000000000000000000000000000000000000000000000000000000000
311 0.0000000000000000000000000000000000000000000000000000000000
312 0.0000000000000000000000000000000000000000000000000000000000
313 0.0000000000000000000000000000000000000000000000000000000000
314 0.0000000000000000000000000000000000000000000000000000000000
315 0.0000000000000000000000000000000000000000000000000000000000
316 0.0000000000000000000000000000000000000000000000000000000000
317 0.0000000000000000000000000000000000000000000000000000000000
318 0.0000000000000000000000000000000000000000000000000000000000
319 0.0000000000000000000000000000000000000000000000000000000000
320 0.0000000000000000000000000000000000000000000000000000000000
321 0.0000000000000000000000000000000000000000000000000000000000
322 0.0000000000000000000000000000000000000000000000000000000000
323 0.0000000000000000000000000000000000000000000000000000000000
324 0.0000000000000000000000000000000000000000000000000000000000
325 0.0000000000000000000000000000000000000000000000000000000000
326 0.0000000000000000000000000000000000000000000000000000000000
327 0.0000000000000000000000000000000000000000000000000000000000
328 0.0000000000000000000000000000000000000000000000000000000000
329 0.0000000000000000000000000000000000000000000000000000000000
330 0.0000000000000000000000000000000000000000000000000000000000
331 0.0000000000000000000000000000000000000000000000000000000000
332 0.0000000000000000000000000000000000000000000000000000000000
333 0.0000000000000000000000000000000000000000000000000000000000
334 0.0000000000000000000000000000000000000000000000000000000000
335 0.0000000000000000000000000000000000000000000000000000000000
336 0.0000000000000000000000000000000000000000000000000000000000
337 0.0000000000000000000000000000000000000000000000000000000000
338 0.0000000000000000000000000000000000000000000000000000000000
339 0.0000000000000000000000000000000000000000000000000000000000
340 0.0000000000000000000000000000000000000000000000000000000000
341 0.0000000000000000000000000000000000000000000000000000000000
342 0.0000000000000000000000000000000000000000000000000000000000
343 0.0000000000000000000000000000000000000000000000000000000000
344 0.0000000000000000000000000000000000000000000000000000000000
345 0.0000000000000000000000000000000000000000000000000000000000
346 0.0000000000000000000000000000000000000000000000000000000000
347 0.0000000000000000000000000000000000000000000000000000000000
348 0.0000000000000000000000000000000000000000000000000000000000
349 0.0000000000000000000000000000000000000000000000000000000000
350 0.0000000000000000000000000000000000000000000000000000000000
351 0.0000000000000000000000000000000000000000000000000000000000
352 0.0000000000000000000000000000000000000000000000000000000000
353 0.0000000000000000000000000000000000000000000000000000000000
354 0.0000000000000000000000000000000000000000000000000000000000
355 0.0000000000000000000000000000000000000000000000000000000000
356 0.0000000000000000000000000000000000000000000000000000000000
357 0.0000000000000000000000000000000000000000000000000000000000
358 0.0000000000000000000000000000000000000000000000000000000000
359 0.0000000000000000000000000000000000000000000000000000000000
360 0.0000000000000000000000000000000000000000000000000000000000
361 0.0000000000000000000000000000000000000000000000000000000000
362 0.0000000000000000000000000000000000000000000000000000000000
363 0.0000000000000000000000000000000000000000000000000000000000
364 0.0000000000000000000000000000000000000000000000000000000000
365 0.0000000000000000000000000000000000000000000000000000000000
366 0.0000000000000000000000000000000000000000000000000000000000
367 0.0000000000000000000000000000000000000000000000000000000000
368 0.0000000000000000000000000000000000000000000000000000000000
369 0.0000000000000000000000000000000000000000000000000000000000
370 0.0000000000000000000000000000000000000000000000000000000000
371 0.0000000000000000000000000000000000000000000000000000000000
372 0.0000000000000000000000000000000000000000000000000000000000
373 0.0000000000000000000000000000000000000000000000000000000000
374 0.0000000000000000000000000000000000000000000000000000000000
375 0.0000000000000000000000000000000000000000000000000000000000
376 0.0000000000000000000000000000000000000000000000000000000000
377 0.0000000000000000000000000000000000000000000000000000000000
378 0.0000000000000000000000000000000000000000000000000000000000
379 0.0000000000000000000000000000000000000000000000000000000000
380 0.0000000000000000000000000000000000000000000000000000000000
381 0.0000000000000000000000000000000000000000000000000000000000
382 0.0000000000000000000000000000000000000000000000000000000000
383 0.0000000000000000000000000000000000000000000000000000000000
384 0.0000000000000000000000000000000000000000000000000000000000
385 0.0000000000000000000000000000000000000000000000000000000000
386 0.0000000000000000000000000000000000000000000000000000000000
387 0.0000000000000000000000000000000000000000000000000000000000
388 0.0000000000000000000000000000000000000000000000000000000000
389 0.0000000000000000000000000000000000000000000000000000000000
390 0.0000000000000000000000000000000000000000000000000000000000
391 0.0000000000000000000000000000000000000000000000000000000000
392 0.0000000000000000000000000000000000000000000000000000000000
393 0.0000000000000000000000000000000000000000000000000000000000
394 0.0000000000000000000000000000000000000000000000000000000000
395 0.0000000000000000000000000000000000000000000000000000000000
396 0.0000000000000000000000000000000000000000000000000000000000
397 0.0000000000000000000000000000000000000000000000000000000000
398 0.0000000000000000000000000000000000000000000000000000000000
399 0.0000000000000000000000000000000000000000000000000000000000
400 0.0000000000000000000000000000000000000000000000000000000000
401 0.0000000000000000000000000000000000000000000000000000000000
402 0.0000000000000000000000000000000000000000000000000000000000
403 0.0000000000000000000000000000000000000000000000000000000000
404 0.0000000000000000000000000000000000000000000000000000000000
405 0.0000000000000000000000000000000000000000000000000000000000
406 0.0000000000000000000000000000000000000000000000000000000000
407 0.0000000000000000000000000000000000000000000000000000000000
408 0.0000000000000000000000000000000000000000000000000000000000
409 0.0000000000000000000000000000000000000000000000000000000000
410 0.0000000000000000000000000000000000000000000000000000000000
411 0.0000000000000000000000000000000000000000000000000000000000
412 0.0000000000000000000000000000000000000000000000000000000000
413 0.0000000000000000000000000000000000000000000000000000000000
414 0.0000000000000000000000000000000000000000000000000000000000
415 0.0000000000000000000000000000000000000000000000000000000000
416 0.0000000000000000000000000000000000000000000000000000000000
417 0.0000000000000000000000000000000000000000000000000000000000
418 0.0000000000000000000000000000000000000000000000000000000000
419 0.0000000000000000000000000000000000000000000000000000000000
420 0.0000000000000000000000000000000000000000000000000000000000
421 0.0000000000000000000000000000000000000000000000000000000000
422 0.0000000000000000000000000000000000000000000000000000000000
423 0.0000000000000000000000000000000000000000000000000000000000
424 0.0000000000000000000000000000000000000000000000000000000000
425 0.0000000000000000000000000000000000000000000000000000000000
426 0.0000000000000000000000000000000000000000000000000000000000
427 0.0000000000000000000000000000000000000000000000000000000000
428 0.0000000000000000000000000000000000000000000000000000000000
429 0.0000000000000000000000000000000000000000000000000000000000
430 0.0000000000000000000000000000000000000000000000000000000000
431 0.0000000000000000000000000000000000000000000000000000000000
432 0.0000000000000000000000000000000000000000000000000000000000
433 0.0000000000000000000000000000000000000000000000000000000000
434 0.0000000000000000000000000000000000000000000000000000000000
435 0.0000000000000000000000000000000000000000000000000000000000
436 0.0000000000000000000000000000000000000000000000000000000000
437 0.0000000000000000000000000000000000000000000000000000000000
438 0.0000000000000000000000000000000000000000000000000000000000
439 0.0000000000000000000000000000000000000000000000000000000000
440 0.0000000000000000000000000000000000000000000000000000000000
441 0.0000000000000000000000000000000000000000000000000000000000
442 0.0000000000000000000000000000000000000000000000000000000000
443 0.0000000000000000000000000000000000000000000000000000000000
444 0.0000000000000000000000000000000000000000000000000000000000
445 0.0000000000000000000000000000000000000000000000000000000000
446 0.0000000000000000000000000000000000000000000000000000000000
447 0.0000000000000000000000000000000000000000000000000000000000
448 0.0000000000000000000000000000000000000000000000000000000000
449 0.0000000000000000000000000000000000000000000000000000000000
450 0.0000000000000000000000000000000000000000000000000000000000
451 0.0000000000000000000000000000000000000000000000000000000000
452 0.0000000000000000000000000000000000000000000000000000000000
453 0.0000000000000000000000000000000000000000000000000000000000
454 0.0000000000000000000000000000000000000000000000000000000000
455 0.0000000000000000000000000000000000000000000000000000000000
456 0.0000000000000000000000000000000000000000000000000000000000
457 0.0000000000000000000000000000000000000000000000000000000000
458 0.0000000000000000000000000000000000000000000000000000000000
459 0.0000000000000000000000000000000000000000000000000000000000
460 0.0000000000000000000000000000000000000000000000000000000000
461 0.0000000000000000000000000000000000000000000000000000000000
462 0.0000000000000000000000000000000000000000000000000000000000
463 0.0000000000000000000000000000000000000000000000000000000000
464 0.0000000000000000000000000000000000000000000000000000000000
465 0.0000000000000000000000000000000000000000000000000000000000
466 0.0000000000000000000000000000000000000000000000000000000000
467 0.0000000000000000000000000000000000000000000000000000000000
468 0.0000000000000000000000000000000000000000000000000000000000
469 0.0000000000000000000000000000000000000000000000000000000000
470 0.0000000000000000000000000000000000000000000000000000000000
471 0.0000000000000000000000000000000000000000000000000000000000
472 0.0000000000000000000000000000000000000000000000000000000000
473 0.0000000000000000000000000000000000000000000000000000000000
474 0.0000000000000000000000000000000000000000000000000000000000
475 0.0000000000000000000000000000000000000000000000000000000000
476 0.0000000000000000000000000000000000000000000000000000000000
477 0.0000000000000000000000000000000000000000000000000000000000
478 0.0000000000000000000000000000000000000000000000000000000000
479 0.0000000000000000000000000000000000000000000000000000000000
480 0.0000000000000000000000000000000000000000000000000000000000
481 0.0000000000000000000000000000000000000000000000000000000000
482 0.0000000000000000000000000000000000000000000000000000000000
483 0.0000000000000000000000000000000000000000000000000000000000
484 0.0000000000000000000000000000000000000000000000000000000000
485 0.0000000000000000000000000000000000000000000000000000000000
486 0.0000000000000000000000000000000000000000000000000000000000
487 0.0000000000000000000000000000000000000000000000000000000000
488 0.0000000000000000000000000000000000000000000000000000000000
489 0.0000000000000000000000000000000000000000000000000000000000
490 0.0000000000000000000000000000000000000000000000000000000000
491 0.0000000000000000000000000000000000000000000000000000000000
492 0.0000000000000000000000000000000000000000000000000000000000
493 0.0000000000000000000000000000000000000000000000000000000000
494 0.0000000000000000000000000000000000000000000000000000000000
495 0.0000000000000000000000000000000000000000000000000000000000
496 0.0000000000000000000000000000000000000000000000000000000000
497 0.0000000000000000000000000000000000000000000000000000000000
498 0.0000000000000000000000000000000000000000000000000000000000
499 0.0000000000000000000000000000000000000000000000000000000000
500 0.0000000000000000000000000000000000000000000000000000000000





# Second index block (index 1)
# X   Y
1	63969.1
2	60818.8
3	50549.0
4	34035.5
5	20751.6
6	20751.6
7	13571.9
8	13571.9
9	13571.9
10	13571.9
11	13571.9
12	13571.9
13	12603.8
14	11848.8
15	7977.4
16	7977.4
17	6639.1
18	2644.1
19	2644.1
20	2644.1
21	2644.1
22	2417.8
23	2119.9
24	1699.8
25	974.3
26	974.3
27	666.7
28	600.6
29	544.2
30	515.4
31	370.6
32	344.9
33	260.4
34	260.4
35	260.4
36	260.4
37	260.4
38	260.4
39	260.4
40	260.4
41	260.4
42	260.4
43	260.4
44	255.8
45	255.8
46	255.8
47	255.8
48	204.4
49	196.1
50	196.1
51	196.1
52	196.1
53	185.6
54	173.4
55	98.5
56	98.5
57	98.5
58	98.5
59	98.5
60	98.5
61	98.5
62	98.5
63	98.5
64	98.5
65	98.5
66	98.5
67	98.5
68	98.5
69	98.5
70	98.5
71	98.5
72	98.5
73	98.5
74	98.5
75	98.5
76	98.5
77	98.5
78	89.3
79	32.0
80	17.6
81	17.6
82	17.6
83	17.6
84	17.6
85	17.6
86	17.6
87	17.6
88	17.6
89	17.6
90	17.6
91	17.6
92	17.6
93	15.4
94	8.1
95	5.9
96	4.0
97	1.6
98	1.6
99	1.6
100	1.6
101	1.4
102	1.4
103	1.4
104	1.4
105	0.4
106	0.2
107	0.1
108	0.1
109	0.03
110	0.03
111	0.03
112	0.02
113	0.02
114	0.02
115	0.01
116	0.008
117	0.008
118	0.005
119	0.005
120	0.004
121	0.003
122	0.001
123	0.001
124	0.001
125	0.001
126	0.001
127	0.001
128	0.001
129	0.001
130	0.0008
131	0.0005
132	0.0004
133	0.0002
134	0.0002
135	0.0002
136	0.0001
137	0.0001
138	7.13E-05
139	2.45E-05
140	2.45E-05
141	2.45E-05
142	2.45E-05
143	2.45E-05
144	2.38E-05
145	2.38E-05
146	2.38E-05
147	2.38E-05
148	1.69E-05
149	1.69E-05
150	1.69E-05
151	1.69E-05
152	1.04E-05
153	9.02E-06
154	7.97E-06
155	6.50E-06
156	6.14E-06
157	4.42E-06
158	2.15E-06
159	1.91E-06
160	1.91E-06
161	1.91E-06
162	1.91E-06
163	1.91E-06
164	1.91E-06
165	1.91E-06
166	1.91E-06
167	1.91E-06
168	1.91E-06
169	1.91E-06
170	1.91E-06
171	1.91E-06
172	1.91E-06
173	1.91E-06
174	1.91E-06
175	1.91E-06
176	1.91E-06
177	1.91E-06
178	1.91E-06
179	1.91E-06
180	1.91E-06
181	1.91E-06
182	1.91E-06
183	1.91E-06
184	1.91E-06
185	1.91E-06
186	1.91E-06
187	1.91E-06
188	1.91E-06
189	1.91E-06
190	1.91E-06
191	1.91E-06
192	1.91E-06
193	1.91E-06
194	1.91E-06
195	1.91E-06
196	1.91E-06
197	1.91E-06
198	1.91E-06
199	1.91E-06
200	1.87E-06
201	1.87E-06
202	6.91E-07
203	6.91E-07
204	6.91E-07
205	6.91E-07
206	6.91E-07
207	6.91E-07
208	6.91E-07
209	2.93E-07
210	2.93E-07
211	2.54E-07
212	6.19E-08
213	6.19E-08
214	6.19E-08
215	3.64E-08
216	3.64E-08
217	3.64E-08
218	3.64E-08
219	3.64E-08
220	3.64E-08
221	3.64E-08
222	3.22E-08
223	2.51E-08
224	2.08E-08
225	1.33E-08
226	9.84E-09
227	8.15E-09
228	5.68E-09
229	5.68E-09
230	4.06E-09
231	2.73E-09
232	2.73E-09
233	2.73E-09
234	2.29E-09
235	1.68E-09
236	1.68E-09
237	1.68E-09
238	1.01E-09
239	9.28E-10
240	9.28E-10
241	9.01E-10
242	5.16E-10
243	4.22E-10
244	4.22E-10
245	4.22E-10
246	4.22E-10
247	4.22E-10
248	4.22E-10
249	4.22E-10
250	4.22E-10
251	4.22E-10
252	4.22E-10
253	3.09E-10
254	3.09E-10
255	1.96E-10
256	1.64E-10
257	1.28E-10
258	7.93E-11
259	6.75E-11
260	3.73E-11
261	3.25E-11
262	2.18E-11
263	2.18E-11
264	2.18E-11
265	1.74E-11
266	1.74E-11
267	1.74E-11
268	1.74E-11
269	1.74E-11
270	1.74E-11
271	1.74E-11
272	1.74E-11
273	1.74E-11
274	1.74E-11
275	1.74E-11
276	1.74E-11
277	1.74E-11
278	1.74E-11
279	1.74E-11
280	1.74E-11
281	1.74E-11
282	1.74E-11
283	1.74E-11
284	1.74E-11
285	1.14E-11
286	6.37E-12
287	6.37E-12
288	4.33E-12
289	4.95E-13
290	4.95E-13
291	4.95E-13
292	4.95E-13
293	4.95E-13
294	2.77E-13
295	2.55E-13
296	2.38E-13
297	2.38E-13
298	2.38E-13
299	2.28E-13
300	2.28E-13
301	2.28E-13
302	2.28E-13
303	2.26E-13
304	1.64E-13
305	1.64E-13
306	1.37E-13
307	1.03E-13
308	6.04E-14
309	6.04E-14
310	4.67E-14
311	2.86E-14
312	2.86E-14
313	1.51E-14
314	1.51E-14
315	1.51E-14
316	1.51E-14
317	1.51E-14
318	1.51E-14
319	1.51E-14
320	1.51E-14
321	1.51E-14
322	1.51E-14
323	1.51E-14
324	1.51E-14
325	1.51E-14
326	1.51E-14
327	1.51E-14
328	1.51E-14
329	1.51E-14
330	1.51E-14
331	1.51E-14
332	1.51E-14
333	1.51E-14
334	1.51E-14
335	1.51E-14
336	1.51E-14
337	1.51E-14
338	1.51E-14
339	1.51E-14
340	1.51E-14
341	1.51E-14
342	1.51E-14
343	1.51E-14
344	4.52E-15
345	4.52E-15
346	3.11E-15
347	3.11E-15
348	1.53E-15
349	1.53E-15
350	1.53E-15
351	1.53E-15
352	1.53E-15
353	1.53E-15
354	1.53E-15
355	1.53E-15
356	1.53E-15
357	1.53E-15
358	1.53E-15
359	1.53E-15
360	1.53E-15
361	1.53E-15
362	1.53E-15
363	1.53E-15
364	1.53E-15
365	1.53E-15
366	1.53E-15
367	1.53E-15
368	1.53E-15
369	1.53E-15
370	1.53E-15
371	1.53E-15
372	1.53E-15
373	1.53E-15
374	1.53E-15
375	1.53E-15
376	1.53E-15
377	1.53E-15
378	1.53E-15
379	1.03E-15
380	1.03E-15
381	1.03E-15
382	7.38E-16
383	4.37E-16
384	3.33E-16
385	2.52E-16
386	2.52E-16
387	2.52E-16
388	2.52E-16
389	1.13E-16
390	1.77E-17
391	4.13E-18
392	4.13E-18
393	4.13E-18
394	4.13E-18
395	4.13E-18
396	4.13E-18
397	4.13E-18
398	4.13E-18
399	4.13E-18
400	4.13E-18
401	4.13E-18
402	4.13E-18
403	4.13E-18
404	4.13E-18
405	4.13E-18
406	4.13E-18
407	3.69E-18
408	1.26E-18
409	1.26E-18
410	5.42E-19
411	5.21E-19
412	4.11E-19
413	2.00E-19
414	2.00E-19
415	1.21E-19
416	9.49E-20
417	6.63E-20
418	6.00E-20
419	4.46E-20
420	1.81E-20
421	1.31E-20
422	1.31E-20
423	1.03E-20
424	6.59E-21
425	6.59E-21
426	4.03E-21
427	3.39E-21
428	2.75E-21
429	2.37E-21
430	2.37E-21
431	1.37E-21
432	1.06E-21
433	1.06E-21
434	1.06E-21
435	1.06E-21
436	1.06E-21
437	7.37E-22
438	7.37E-22
439	6.22E-22
440	6.22E-22
441	6.22E-22
442	6.22E-22
443	6.22E-22
444	6.22E-22
445	2.71E-22
446	2.71E-22
447	2.01E-22
448	2.01E-22
449	2.01E-22
450	2.01E-22
451	2.01E-22
452	2.01E-22
453	2.01E-22
454	2.01E-22
455	2.01E-22
456	2.01E-22
457	2.01E-22
458	2.01E-22
459	2.01E-22
460	2.01E-22
461	2.01E-22
462	2.01E-22
463	2.01E-22
464	2.01E-22
465	2.01E-22
466	2.01E-22
467	2.01E-22
468	2.01E-22
469	2.01E-22
470	2.01E-22
471	2.01E-22
472	2.01E-22
473	2.01E-22
474	2.01E-22
475	2.01E-22
476	2.01E-22
477	2.01E-22
478	2.01E-22
479	2.01E-22
480	2.01E-22
481	2.01E-22
482	2.01E-22
483	2.01E-22
484	2.01E-22
485	2.01E-22
486	2.01E-22
487	2.01E-22
488	2.01E-22
489	2.01E-22
490	2.01E-22
491	2.01E-22
492	2.01E-22
493	2.01E-22
494	2.01E-22
495	2.01E-22
496	2.01E-22
497	2.01E-22
498	2.01E-22
499	2.01E-22
500	2.01E-22




# Second index block (index 2)
# X   Y
1	60497.1
2	60497.1
3	57842.2
4	49163.3
5	42205.6
6	36296.5
7	29830.3
8	24808.5
9	20530.2
10	17457.8
11	14426.3
12	12162.2
13	9694.1
14	7857.1
15	6770.1
16	5339.3
17	3970.7
18	3648.1
19	3131.8
20	3131.8
21	2870.9
22	2688.5
23	2499.3
24	2347.1
25	2138.0
26	2117.6
27	1876.2
28	1656.4
29	1644.2
30	1644.2
31	1644.2
32	1438.90
33	1133.07
34	1133.07
35	1133.07
36	1054.63
37	1054.63
38	1054.63
39	963.3
40	882.2
41	882.2
42	882.2
43	882.2
44	803.4
45	803.4
46	803.4
47	803.4
48	803.4
49	803.4
50	803.4
51	803.4
52	770.1
53	722.6
54	700.0
55	530.1
56	466.9
57	432.0
58	390.4
59	390.4
60	390.4
61	390.4
62	390.4
63	390.4
64	390.4
65	390.4
66	390.4
67	390.4
68	390.4
69	390.4
70	390.4
71	390.4
72	390.4
73	382.4
74	382.4
75	355.6
76	338.7
77	338.7
78	338.7
79	338.7
80	338.7
81	239.7
82	232.6
83	232.6
84	232.6
85	232.6
86	232.3
87	199.5
88	199.5
89	199.5
90	199.5
91	199.5
92	199.5
93	199.5
94	199.5
95	199.5
96	199.5
97	199.5
98	199.5
99	199.5
100	199.5
101	199.5
102	199.5
103	199.5
104	199.5
105	199.5
106	199.5
107	199.5
108	199.5
109	199.5
110	199.5
111	199.5
112	199.5
113	199.5
114	184.8
115	184.8
116	184.8
117	173.0
118	173.0
119	173.0
120	173.0
121	173.0
122	173.0
123	173.0
124	162.2
125	162.2
126	162.2
127	162.2
128	162.2
129	145.5
130	145.5
131	145.5
132	145.5
133	145.5
134	145.5
135	145.5
136	141.1
137	141.1
138	141.1
139	111.3
140	111.3
141	111.3
142	111.3
143	111.3
144	111.3
145	111.3
146	111.3
147	111.3
148	111.3
149	107.3
150	107.3
151	101.1
152	101.1
153	101.1
154	84.1
155	84.1
156	84.1
157	84.1
158	84.1
159	84.1
160	84.1
161	84.1
162	84.1
163	84.1
164	84.1
165	84.1
166	72.9
167	72.9
168	72.9
169	72.9
170	72.9
171	72.9
172	72.9
173	72.9
174	72.9
175	72.9
176	72.9
177	72.9
178	72.9
179	72.9
180	72.9
181	70.4
182	70.4
183	70.3
184	70.3
185	70.3
186	70.3
187	70.3
188	70.3
189	70.3
190	70.3
191	70.3
192	70.3
193	70.3
194	70.3
195	70.3
196	70.3
197	70.3
198	70.3
199	66.3
200	57.2
201	57.2
202	57.2
203	51.5
204	51.5
205	51.5
206	51.5
207	51.5
208	51.5
209	51.5
210	49.0
211	49.0
212	49.0
213	49.0
214	49.0
215	49.0
216	49.0
217	49.0
218	49.0
219	43.3
220	36.6
221	36.6
222	36.6
223	36.6
224	36.6
225	36.4
226	36.3
227	36.3
228	34.1
229	32.0
230	32.0
231	32.0
232	32.0
233	32.0
234	32.0
235	32.0
236	32.0
237	32.0
238	28.3
239	25.2
240	25.2
241	25.2
242	25.2
243	25.2
244	25.2
245	25.2
246	25.2
247	25.2
248	25.2
249	25.2
250	25.2
251	25.2
252	25.2
253	25.2
254	25.2
255	20.9
256	20.9
257	20.9
258	20.9
259	20.9
260	20.9
261	20.9
262	20.9
263	20.8
264	20.7
265	20.7
266	20.7
267	20.7
268	20.5
269	20.5
270	20.5
271	20.5
272	16.4
273	16.4
274	16.4
275	16.4
276	15.7
277	15.7
278	15.1
279	14.3
280	14.3
281	14.3
282	14.2
283	14.2
284	14.2
285	14.2
286	13.7
287	13.7
288	13.7
289	13.7
290	13.7
291	13.7
292	13.7
293	13.1
294	13.1
295	13.1
296	13.1
297	13.1
298	13.1
299	13.1
300	12.6
301	12.6
302	12.6
303	12.6
304	10.4
305	10.4
306	10.4
307	10.4
308	9.4
309	9.4
310	9.4
311	9.1
312	9.1
313	9.1
314	9.1
315	9.1
316	9.1
317	8.5
318	7.0
319	7.0
320	7.0
321	7.0
322	7.0
323	7.0
324	6.9
325	6.9
326	6.9
327	6.9
328	6.9
329	6.7
330	6.2
331	6.2
332	6.2
333	6.2
334	5.5
335	5.5
336	5.5
337	5.5
338	5.5
339	5.5
340	5.4
341	5.4
342	5.3
343	4.8
344	4.7
345	4.1
346	4.1
347	4.0
348	4.0
349	4.0
350	3.9
351	3.8
352	3.8
353	3.8
354	3.8
355	3.7
356	3.7
357	3.7
358	3.7
359	3.5
360	3.4
361	3.4
362	3.4
363	3.2
364	3.2
365	3.2
366	2.9
367	2.9
368	2.7
369	2.6
370	2.6
371	2.6
372	2.6
373	2.6
374	2.4
375	2.3
376	2.3
377	2.3
378	2.3
379	2.3
380	2.2
381	2.2
382	2.0
383	2.0
384	2.0
385	2.0
386	2.0
387	2.0
388	2.0
389	2.0
390	1.9
391	1.7
392	1.68
393	1.68
394	1.68
395	1.68
396	1.66
397	1.66
398	1.54
399	1.54
400	1.54
401	1.36
402	1.39
403	1.39
404	1.39
405	1.37
406	1.29
407	1.01
408	1.01
409	1.01
410	0.94
411	0.98
412	0.98
413	0.81
414	0.89
415	0.8
416	0.83
417	0.76
418	0.78
419	0.78
420	0.68
421	0.68
422	0.6
423	0.57
424	0.52
425	0.52
426	0.52
427	0.52
428	0.5
429	0.5
430	0.4
431	0.4
432	0.43
433	0.43
434	0.45
435	0.47
436	0.45
437	0.46
438	0.33
439	0.33
440	0.33
441	0.35
442	0.35
443	0.36
444	0.31
445	0.21
446	0.29
447	0.29
448	0.29
449	0.29
450	0.2
451	0.23
452	0.23
453	0.24
454	0.28
455	0.12
456	0.19
457	0.19
458	0.19
459	0.19
460	0.12
461	0.12
462	0.12
463	0.12
464	0.1
465	0.143
466	0.1
467	0.195
468	0.008
469	0.008
470	0.083
471	0.001
472	0.001
473	0.001
474	0.001
475	0.083
476	0.042
477	0.014
478	0.014
479	0.001
480	0.085
481	0.085
482	0.085
483	0.032
484	0.032
485	0.032
486	0.052
487	0.052
488	0.088
489	0.04
490	0.072
491	0.072
492	0.072
493	0.072
494	0.002
495	0.033
496	0.029
497	0.029
498	0.097
499	0.097
500	0.097
