# plotting_data3.dat
# First data block (index 0)
# X   Y
0 730.248492
1 223.939731
2 15.058917
3 12.109304
4 4.007434
5 2.067973
6 1.365738
7 1.179424
8 1.074054
9 1.040115
10 0.185389
11 0.185389
12 0.185389
13 0.091629
14 0.018131
15 0.006832
16 0.002437
17 0.001034
18 0.000299
19 0.000189
20 0.000073
21 0.000034
22 0.000014
23 0.000012
24 0.000004
25 0.000001
26 0.000001
27 0.000000
28 0.000000
29 0.000000
30 0.000000
31 0.000000
32 0.000000
33 0.000000
34 0.000000
35 0.000000
36 0.000000
37 0.000000
38 0.000000
39 0.000000
40 0.000000
41 0.000000
42 0.000000
43 0.000000
44 0.000000
45 0.000000
46 0.000000
47 0.000000
48 0.000000
49 0.000000
50 0.000000
51 0.000000
52 0.000000
53 0.000000
54 0.000000
55 0.000000
56 0.000000
57 0.000000
58 0.000000
59 0.000000
60 0.000000
61 0.000000
62 0.000000
63 0.000000
64 0.000000
65 0.000000
66 0.000000
67 0.000000
68 0.000000
69 0.000000
70 0.000000
71 0.000000
72 0.000000
73 0.000000
74 0.000000
75 0.000000
76 0.000000
77 0.000000
78 0.000000
79 0.000000
80 0.000000
81 0.000000
82 0.000000
83 0.000000
84 0.000000
85 0.000000
86 0.000000
87 0.000000
88 0.000000
89 0.000000
90 0.000000
91 0.000000
92 0.000000
93 0.000000
94 0.000000
95 0.000000
96 0.000000
97 0.000000
98 0.000000
99 0.000000
100 0.000000
101 0.000000
102 0.000000
103 0.000000
104 0.000000
105 0.000000
106 0.000000
107 0.000000
108 0.000000
109 0.000000
110 0.000000
111 0.000000
112 0.000000
113 0.000000
114 0.000000
115 0.000000
116 0.000000
117 0.000000
118 0.000000
119 0.000000
120 0.000000
121 0.000000
122 0.000000
123 0.000000
124 0.000000
125 0.000000
126 0.000000
127 0.000000
128 0.000000
129 0.000000
130 0.000000
131 0.000000
132 0.000000
133 0.000000
134 0.000000
135 0.000000
136 0.000000
137 0.000000
138 0.000000
139 0.000000
140 0.000000
141 0.000000
142 0.000000
143 0.000000
144 0.000000
145 0.000000
146 0.000000
147 0.000000
148 0.000000
149 0.000000
150 0.000000
151 0.000000
152 0.000000
153 0.000000
154 0.000000
155 0.000000
156 0.000000
157 0.000000
158 0.000000
159 0.000000
160 0.000000
161 0.000000
162 0.000000
163 0.000000
164 0.000000
165 0.000000
166 0.000000
167 0.000000
168 0.000000
169 0.000000
170 0.000000
171 0.000000
172 0.000000
173 0.000000
174 0.000000
175 0.000000
176 0.000000
177 0.000000
178 0.000000
179 0.000000
180 0.000000
181 0.000000
182 0.000000
183 0.000000
184 0.000000
185 0.000000
186 0.000000
187 0.000000
188 0.000000
189 0.000000
190 0.000000
191 0.000000
192 0.000000
193 0.000000
194 0.000000
195 0.000000
196 0.000000
197 0.000000
198 0.000000
199 0.000000
200 0.000000
201 0.000000
202 0.000000
203 0.000000
204 0.000000
205 0.000000
206 0.000000
207 0.000000
208 0.000000
209 0.000000
210 0.000000
211 0.000000
212 0.000000
213 0.000000
214 0.000000
215 0.000000
216 0.000000
217 0.000000
218 0.000000
219 0.000000
220 0.000000
221 0.000000
222 0.000000
223 0.000000
224 0.000000
225 0.000000
226 0.000000
227 0.000000
228 0.000000
229 0.000000
230 0.000000
231 0.000000
232 0.000000
233 0.000000
234 0.000000
235 0.000000
236 0.000000
237 0.000000
238 0.000000
239 0.000000
240 0.000000
241 0.000000
242 0.000000
243 0.000000
244 0.000000
245 0.000000
246 0.000000
247 0.000000
248 0.000000
249 0.000000
250 0.000000
251 0.000000
252 0.000000
253 0.000000
254 0.000000
255 0.000000
256 0.000000
257 0.000000
258 0.000000
259 0.000000
260 0.000000
261 0.000000
262 0.000000
263 0.000000
264 0.000000
265 0.000000
266 0.000000
267 0.000000
268 0.000000
269 0.000000
270 0.000000
271 0.000000
272 0.000000
273 0.000000
274 0.000000
275 0.000000
276 0.000000
277 0.000000
278 0.000000
279 0.000000
280 0.000000
281 0.000000
282 0.000000
283 0.000000
284 0.000000
285 0.000000
286 0.000000
287 0.000000
288 0.000000
289 0.000000
290 0.000000
291 0.000000
292 0.000000
293 0.000000
294 0.000000
295 0.000000
296 0.000000
297 0.000000
298 0.000000
299 0.000000
300 0.000000
301 0.000000
302 0.000000
303 0.000000
304 0.000000
305 0.000000
306 0.000000
307 0.000000
308 0.000000
309 0.000000
310 0.000000
311 0.000000
312 0.000000
313 0.000000
314 0.000000
315 0.000000
316 0.000000
317 0.000000
318 0.000000
319 0.000000
320 0.000000
321 0.000000
322 0.000000
323 0.000000
324 0.000000
325 0.000000
326 0.000000
327 0.000000
328 0.000000
329 0.000000
330 0.000000
331 0.000000
332 0.000000
333 0.000000
334 0.000000
335 0.000000
336 0.000000
337 0.000000
338 0.000000
339 0.000000
340 0.000000
341 0.000000
342 0.000000
343 0.000000
344 0.000000
345 0.000000
346 0.000000
347 0.000000
348 0.000000
349 0.000000
350 0.000000
351 0.000000
352 0.000000
353 0.000000
354 0.000000
355 0.000000
356 0.000000
357 0.000000
358 0.000000
359 0.000000
360 0.000000
361 0.000000
362 0.000000
363 0.000000
364 0.000000
365 0.000000
366 0.000000
367 0.000000
368 0.000000
369 0.000000
370 0.000000
371 0.000000
372 0.000000
373 0.000000
374 0.000000
375 0.000000
376 0.000000
377 0.000000
378 0.000000
379 0.000000
380 0.000000
381 0.000000
382 0.000000
383 0.000000
384 0.000000
385 0.000000
386 0.000000
387 0.000000
388 0.000000
389 0.000000
390 0.000000
391 0.000000
392 0.000000
393 0.000000
394 0.000000
395 0.000000
396 0.000000
397 0.000000
398 0.000000
399 0.000000
400 0.000000
401 0.000000
402 0.000000
403 0.000000
404 0.000000
405 0.000000
406 0.000000
407 0.000000
408 0.000000
409 0.000000
410 0.000000
411 0.000000
412 0.000000
413 0.000000
414 0.000000
415 0.000000
416 0.000000
417 0.000000
418 0.000000
419 0.000000
420 0.000000
421 0.000000
422 0.000000
423 0.000000
424 0.000000
425 0.000000
426 0.000000
427 0.000000
428 0.000000
429 0.000000
430 0.000000
431 0.000000
432 0.000000
433 0.000000
434 0.000000
435 0.000000
436 0.000000
437 0.000000
438 0.000000
439 0.000000
440 0.000000
441 0.000000
442 0.000000
443 0.000000
444 0.000000
445 0.000000
446 0.000000
447 0.000000
448 0.000000
449 0.000000
450 0.000000
451 0.000000
452 0.000000
453 0.000000
454 0.000000
455 0.000000
456 0.000000
457 0.000000
458 0.000000
459 0.000000
460 0.000000
461 0.000000
462 0.000000
463 0.000000
464 0.000000
465 0.000000
466 0.000000
467 0.000000
468 0.000000
469 0.000000
470 0.000000
471 0.000000
472 0.000000
473 0.000000
474 0.000000
475 0.000000
476 0.000000
477 0.000000
478 0.000000
479 0.000000
480 0.000000
481 0.000000
482 0.000000
483 0.000000
484 0.000000
485 0.000000
486 0.000000
487 0.000000
488 0.000000
489 0.000000
490 0.000000
491 0.000000
492 0.000000
493 0.000000
494 0.000000
495 0.000000
496 0.000000
497 0.000000
498 0.000000
499 0.000000



# First data block (index 1)
# X   Y
0 711.7896553875426
1 604.1550565242994
2 543.0684978267185
3 372.9445505342702
4 370.4904675645663
5 319.07188640915865
6 262.2905323794023
7 262.2905323794023
8 193.43819374334328
9 193.43819374334328
10 184.79360770578126
11 157.27673962276444
12 144.66136048674258
13 139.6739803217016
14 139.6739803217016
15 139.6739803217016
16 139.6739803217016
17 139.6739803217016
18 139.6739803217016
19 139.6739803217016
20 139.6739803217016
21 139.6739803217016
22 139.6739803217016
23 139.6739803217016
24 139.6739803217016
25 126.35107081086716
26 126.35107081086716
27 115.55962839755675
28 115.55962839755675
29 106.27172635036246
30 91.37844452862564
31 59.883237134763505
32 47.23936252065922
33 38.5784919666735
34 29.656317757577096
35 29.656317757577096
36 21.096393251070573
37 15.788562125690111
38 14.912430288304693
39 11.19546535800564
40 5.969241939668652
41 5.969241939668652
42 4.2599921692741844
43 3.371431638434242
44 2.885579675702626
45 2.446449698535141
46 2.446449698535141
47 2.078755094512
48 2.078755094512
49 1.8277857818841792
50 1.529274205419696
51 1.390266105994575
52 1.390266105994575
53 1.390266105994575
54 1.3284636449835945
55 1.246595834450073
56 1.231097012548791
57 1.1615223381021897
58 1.1508839129841995
59 1.11998265729329
60 1.1085841664642586
61 1.1085841664642586
62 1.0816356651051888
63 1.0686217832761569
64 1.0550967174876498
^[[A65 1.0464359485935124
66 1.0464359485935124
67 1.0464359485935124
68 1.0464359485935124
69 1.0464359485935124
70 1.0464359485935124
71 1.0434363248567944
72 1.0434363248567944
73 1.0434363248567944
74 1.0434363248567944
75 1.0434363248567944
76 1.0434363248567944
77 1.0434363248567944
78 0.9860984495308204
79 0.9860984495308204
80 0.9860984495308204
81 0.9860984495308204
82 0.9860984495308204
83 0.9860984495308204
84 0.9860984495308204
85 0.9860984495308204
86 0.9860984495308204
87 0.9860984495308204
88 0.9860984495308204
89 0.9847379400754781
90 0.9415175723459271
91 0.9415175723459271
92 0.9415175723459271
93 0.9415175723459271
94 0.9415175723459271
95 0.9415175723459271
96 0.8629500168779516
97 0.8629500168779516
98 0.7780581706636872
99 0.7780581706636872
100 0.7780581706636872
101 0.6650450269126092
102 0.6650450269126092
103 0.6650450269126092
104 0.6650450269126092
105 0.6650450269126092
106 0.6650450269126092
107 0.4574910861214072
108 0.4066887969681944
109 0.12172910879952437
110 0.11243060860750842
111 0.11243060860750842
112 0.11243060860750842
113 0.11243060860750842
114 0.11243060860750842
115 0.10044444654309137
116 0.10044444654309137
117 0.07795003380511334
118 0.04253994225332636
119 0.04253994225332636
120 0.04253994225332636
121 0.04253994225332636
122 0.03135333946559793
123 0.026680382610834052
124 0.02001046248557281
125 0.012031758012536309
126 0.006863124032045476
127 0.006863124032045476
128 0.004439403473284198
129 0.004377406369843295
130 0.004377406369843295
131 0.004377406369843295
132 0.004377406369843295
133 0.004377406369843295
134 0.004377406369843295
135 0.004377406369843295
136 0.004377406369843295
137 0.004244995740822155
138 0.004244995740822155
139 0.003807155229572645
140 0.003807155229572645
141 0.003807155229572645
142 0.003807155229572645
143 0.003807155229572645
144 0.003807155229572645
145 0.0017426994453317857
146 0.0017426994453317857
147 0.0017426994453317857
148 0.0017426994453317857
149 0.0013177012533353016
150 0.0011729616491350514
151 0.0010695062318530901
152 0.0008524563630106785
153 0.0007342153683660424
154 0.0007342153683660424
155 0.000516136783041965
156 0.000516136783041965
157 0.00042297378182831746
158 0.0004068109969069811
159 0.0003210013120180655
160 0.0003210013120180655
161 0.0003210013120180655
162 0.0003210013120180655
163 0.0003210013120180655
164 0.0003210013120180655
165 0.0003210013120180655
166 0.0003210013120180655
167 0.0003210013120180655
168 0.0003210013120180655
169 0.0003210013120180655
170 0.0003210013120180655
171 0.0003210013120180655
172 0.0002323393350391889
173 0.00016625014619975342
174 0.00016625014619975342
175 0.00016625014619975342
176 0.00016625014619975342
177 0.00012635500614444073
178 0.00010798045679238921
179 0.00010798045679238921
180 0.00010222266341253228
181 6.229741416619028e-05
182 6.229741416619028e-05
183 6.229741416619028e-05
184 4.728847512514012e-05
185 3.406166673713962e-05
186 2.6755443277570734e-05
187 2.6755443277570734e-05
188 1.8257158141854468e-05
189 8.858496860386644e-06
190 8.858496860386644e-06
191 8.858496860386644e-06
192 8.858496860386644e-06
193 5.569582853914845e-06
194 5.569582853914845e-06
195 4.940643349771179e-06
196 4.097588835905164e-06
197 1.4474318636992223e-06
198 1.4474318636992223e-06
199 1.4474318636992223e-06
200 1.4474318636992223e-06
201 1.4420538529957838e-06
202 1.4420538529957838e-06
203 1.4420538529957838e-06
204 1.4420538529957838e-06
205 1.4420538529957838e-06
206 1.4420538529957838e-06
207 1.4420538529957838e-06
208 1.4420538529957838e-06
209 1.4420538529957838e-06
210 1.4420538529957838e-06
211 1.4420538529957838e-06
212 1.3826343558953624e-06
213 9.266420707421119e-07
214 8.794132213552075e-07
215 8.794132213552075e-07
216 7.343199679432644e-07
217 4.791495303857474e-07
218 4.515133015248196e-07
219 4.515133015248196e-07
220 4.105695494693862e-07
221 3.9425721332086994e-07
222 2.677590694721843e-07
223 2.677590694721843e-07
224 2.555802854908862e-07
225 2.555802854908862e-07
226 2.555802854908862e-07
227 2.555802854908862e-07
228 2.515364710964363e-07
229 2.515364710964363e-07
230 2.515364710964363e-07
231 1.526070223523135e-07
232 1.0169226893896877e-07
233 9.304965886691718e-08
234 6.179813161200087e-08
235 3.7454704671091577e-08
236 2.9357651754047254e-08
237 2.4777292662037098e-08
238 2.2496810192507155e-08
239 6.374987537860477e-09
240 6.374987537860477e-09
241 6.374987537860477e-09
242 4.226803240747756e-09
243 4.226803240747756e-09
244 2.5360674671404126e-09
245 1.9783364946235338e-09
246 1.9778654269941853e-09
247 6.812524988575319e-10
248 6.812524988575319e-10
249 5.718651108210793e-10
250 5.718651108210793e-10
251 4.2265224653448286e-10
252 3.592682817910031e-10
253 2.321619563261379e-10
254 1.4048984198211656e-10
255 1.4048984198211656e-10
256 1.1239109642957601e-10
257 1.1239109642957601e-10
258 1.1239109642957601e-10
259 1.1239109642957601e-10
260 1.1239109642957601e-10
261 1.1239109642957601e-10
262 1.1239109642957601e-10
263 1.1239109642957601e-10
264 1.1239109642957601e-10
265 9.368239517471011e-11
266 9.368239517471011e-11
267 9.368239517471011e-11
268 9.368239517471011e-11
269 9.368239517471011e-11
270 9.368239517471011e-11
271 9.368239517471011e-11
272 9.368239517471011e-11
273 8.251566097072782e-11
274 4.988742752232156e-11
275 4.988742752232156e-11
276 4.988742752232156e-11
277 4.988742752232156e-11
278 3.402678139252657e-11
279 3.384525992800036e-11
280 1.497457713384165e-11
281 1.497457713384165e-11
282 1.497457713384165e-11
283 1.497457713384165e-11
284 1.497457713384165e-11
285 1.497457713384165e-11
286 1.497457713384165e-11
287 8.441580767737378e-12
288 8.441580767737378e-12
289 5.033862215952922e-12
290 4.803268893738277e-12
291 3.5386138463877614e-12
292 2.124189713015312e-12
293 2.124189713015312e-12
294 2.124189713015312e-12
295 1.787014980436652e-12
296 1.0443867992648848e-12
297 9.717782134543995e-13
298 6.480371794737039e-13
299 6.480371794737039e-13
300 5.878630915390204e-13
301 5.878630915390204e-13
302 4.475309012264006e-13
303 1.6486811915683575e-13
304 1.6486811915683575e-13
305 1.1246559239452836e-13
306 9.281464485866309e-14
307 7.571721027943568e-14
308 4.2299497238218464e-14
309 4.2299497238218464e-14
310 2.9531932455029164e-14
311 2.9531932455029164e-14
312 2.9531932455029164e-14
313 2.9531932455029164e-14
314 2.9531932455029164e-14
315 2.9531932455029164e-14
316 2.9531932455029164e-14
317 2.9531932455029164e-14
318 2.9531932455029164e-14
319 2.9531932455029164e-14
320 1.9539925233402755e-14
321 1.5654144647214707e-14
322 1.1546319456101628e-14
323 8.326672684688674e-15
324 5.773159728050814e-15
325 5.773159728050814e-15
326 4.218847493575595e-15
327 4.107825191113079e-15
328 3.6637359812630166e-15
329 3.6637359812630166e-15
330 3.3306690738754696e-15
331 1.887379141862766e-15
332 1.4432899320127035e-15
333 1.4432899320127035e-15
334 1.4432899320127035e-15
335 1.2212453270876722e-15
336 8.881784197001252e-16
337 8.881784197001252e-16
338 8.881784197001252e-16
339 6.661338147750939e-16
340 6.661338147750939e-16
341 6.661338147750939e-16
342 6.661338147750939e-16
343 6.661338147750939e-16
344 4.440892098500626e-16
345 1.1102230246251565e-16
346 1.1102230246251565e-16
347 1.1102230246251565e-16
348 1.1102230246251565e-16
349 1.1102230246251565e-16
350 1.1102230246251565e-16
351 1.1102230246251565e-16
352 1.1102230246251565e-16
353 1.1102230246251565e-16
354 1.1102230246251565e-16
355 1.1102230246251565e-16
356 1.1102230246251565e-16
357 1.1102230246251565e-16
358 1.1102230246251565e-16
359 1.1102230246251565e-16
360 1.1102230246251565e-16
361 0.0
362 0.0
363 0.0
364 0.0
365 0.0
366 0.0
367 0.0
368 0.0
369 0.0
370 0.0
371 0.0
372 0.0
373 0.0
374 0.0
375 0.0
376 0.0
377 0.0
378 0.0
379 0.0
380 0.0
381 0.0
382 0.0
383 0.0
384 0.0
385 0.0
386 0.0
387 0.0
388 0.0
389 0.0
390 0.0
391 0.0
392 0.0
393 0.0
394 0.0
395 0.0
396 0.0
397 0.0
398 0.0
399 0.0
400 0.0
401 0.0
402 0.0
403 0.0
404 0.0
405 0.0
406 0.0
407 0.0
408 0.0
409 0.0
410 0.0
411 0.0
412 0.0
413 0.0
414 0.0
415 0.0
416 0.0
417 0.0
418 0.0
419 0.0
420 0.0
421 0.0
422 0.0
423 0.0
424 0.0
425 0.0
426 0.0
427 0.0
428 0.0
429 0.0
430 0.0
431 0.0
432 0.0
433 0.0
434 0.0
435 0.0
436 0.0
437 0.0
438 0.0
439 0.0
440 0.0
441 0.0
442 0.0
443 0.0
444 0.0
445 0.0
446 0.0
447 0.0
448 0.0
449 0.0
450 0.0
451 0.0
452 0.0
453 0.0
454 0.0
455 0.0
456 0.0
457 0.0
458 0.0
459 0.0
460 0.0
461 0.0
462 0.0
463 0.0
464 0.0
465 0.0
466 0.0
467 0.0
468 0.0
469 0.0
470 0.0
471 0.0
472 0.0
473 0.0
474 0.0
475 0.0
476 0.0
477 0.0
478 0.0
479 0.0
480 0.0
481 0.0
482 0.0
483 0.0
484 0.0
485 0.0
486 0.0
487 0.0
488 0.0
489 0.0
490 0.0
491 0.0
492 0.0
493 0.0
494 0.0
495 0.0
496 0.0
497 0.0
498 0.0
499 0.0



# First data block (index 2)
# X   Y
0 679.0733675315289
1 663.2192648221861
2 647.6544126410272
3 634.0386612041196
4 622.1219870962244
5 611.6881378000203
6 602.5498252863489
7 587.1634487472585
8 573.6815273491027
9 562.0363264503629
10 551.9683944518338
11 537.0119269964482
12 522.3886141351609
13 509.82472310484735
14 499.01936004800626
15 488.7639063370806
16 474.5899452164711
17 461.73648262200066
18 450.79955719445695
19 441.4810750618132
20 431.809401654236
21 419.85212826937425
22 409.097195065499
23 397.9648287623681
24 388.5965602227631
25 377.9501634920186
26 368.3741049160575
27 359.25227940625246
28 349.9971809081725
29 340.74706249502304
30 330.85788377980003
31 321.41687704985486
32 311.8292879904131
33 301.3029904298489
34 290.2008430834461
35 280.4345670336518
36 268.8395975177525
37 258.88971924488305
38 250.75448198026797
39 242.07124440838783
40 234.09016322173213
41 225.22512447503144
42 216.258369287052
43 208.40094802374875
44 200.90913344072283
45 194.129809370524
46 187.31506006639856
47 180.9804422986337
48 175.5991856292771
49 170.19311996374563
50 165.65839661067636
51 160.87301523391167
52 156.64512543404825
53 152.73514973658146
54 148.93919075844715
55 144.26191560293415
56 139.13087364340115
57 133.7046044893811
58 127.81274380023618
59 122.5855815086192
60 115.85889898786746
61 110.16969646432902
62 105.75817846427401
63 102.31827861387488
64 97.71968304761243
65 94.18478776311365
66 89.81089597654194
67 86.25845150074448
68 80.61556016000006
69 76.39818490479799
70 73.22994112771144
71 70.83064913504795
72 68.7576486073939
73 66.12463749915426
74 64.02903741725389
75 59.90077970528371
76 56.517018347323265
77 53.55178287111491
78 49.930065966039436
79 46.94292210286543
80 43.49872248817212
81 40.219726000630175
82 36.889932728906594
83 33.30117311148388
84 30.531701400372917
85 28.490642157583316
86 25.479536775597776
87 22.692083051752906
88 19.839950766471507
89 17.58339771004664
90 15.787467756412138
91 13.772701305755142
92 11.869972495120921
93 10.390206005315699
94 8.954541593264887
95 7.733110975419544
96 6.75215841327923
97 5.9086071639813165
98 5.448663081950095
99 5.005122827462803
100 4.742078065382415
101 4.556866073685143
102 4.340624528234281
103 4.236145436790023
104 4.197210711594241
105 4.197210711594241
106 4.151286029227061
107 3.798764761668917
108 3.4323373981531895
109 3.0449838433999346
110 2.824069621273125
111 2.5639963487719912
112 2.50444368920238
113 2.3010032247048557
114 2.2167126938983905
115 2.014809768730582
116 1.913689365445707
117 1.7910011936555188
118 1.7910011936555188
119 1.7910011936555188
120 1.7240660674504347
121 1.6710387764085612
122 1.5062152047471107
123 1.4594796382444706
124 1.3890040886050798
125 1.3890040886050798
126 1.3684678345916943
127 1.3053040736279533
128 1.3053040736279533
129 1.2006312356079367
130 1.1873067537218867
131 1.1873067537218867
132 1.1873067537218867
133 1.1873067537218867
134 1.1873067537218867
135 1.1428888305192797
136 1.1422891680750316
137 1.1422891680750316
138 1.1186445256786848
139 1.117926737654465
140 1.115499261600952
141 1.1102573615108071
142 1.1102573615108071
143 1.1102573615108071
144 1.105264435470178
145 1.094317386508964
146 1.094317386508964
147 1.094317386508964
148 1.0886683738028562
149 1.0886683738028562
150 1.0782154435712332
151 1.057405947546799
152 1.057405947546799
153 1.057405947546799
154 1.057405947546799
155 1.057405947546799
156 1.057405947546799
157 1.057405947546799
158 1.0540009932044845
159 1.0511620351599766
160 1.0511620351599766
161 1.0511620351599766
162 1.0511620351599766
163 1.0511620351599766
164 1.0511620351599766
165 1.0511620351599766
166 1.0511620351599766
167 1.0483727414311794
168 1.0400296907423092
169 1.0400296907423092
170 1.0400296907423092
171 1.0400296907423092
172 1.0400296907423092
173 1.0400296907423092
174 1.0400296907423092
175 1.0400296907423092
176 1.0400296907423092
177 1.0400296907423092
178 1.0400296907423092
179 1.0400296907423092
180 1.0305877996573505
181 1.0305877996573505
182 1.0305877996573505
183 1.0305877996573505
184 1.0305877996573505
185 1.0305877996573505
186 1.0305877996573505
187 1.0305877996573505
188 1.0305877996573505
189 1.0305877996573505
190 0.9921654344053665
191 0.9921654344053665
192 0.9921654344053665
193 0.9921654344053665
194 0.9921654344053665
195 0.9921654344053665
196 0.9921654344053665
197 0.9921654344053665
198 0.9921654344053665
199 0.9921654344053665
200 0.9921654344053665
201 0.9921654344053665
202 0.9921654344053665
203 0.9884297308638949
204 0.9817531769235481
205 0.9817531769235481
206 0.9500108422923319
207 0.9500108422923319
208 0.9500108422923319
209 0.9500108422923319
210 0.9500108422923319
211 0.9500108422923319
212 0.9500108422923319
213 0.9500108422923319
214 0.9500108422923319
215 0.9260216259581509
216 0.9260216259581509
217 0.9260216259581509
218 0.9260216259581509
219 0.9260216259581509
220 0.924700548554435
221 0.924700548554435
222 0.924700548554435
223 0.924700548554435
224 0.924700548554435
225 0.9184228194519396
226 0.9184228194519396
227 0.9184228194519396
228 0.9184228194519396
229 0.9184228194519396
230 0.8872382580679744
231 0.8825843004812651
232 0.8825843004812651
233 0.8825843004812651
234 0.8825843004812651
235 0.859354752467772
236 0.859354752467772
237 0.859354752467772
238 0.8231639858890207
239 0.8231639858890207
240 0.8231639858890207
241 0.8231639858890207
242 0.8231639858890207
243 0.8231639858890207
244 0.8231639858890207
245 0.8231639858890207
246 0.8231639858890207
247 0.8231639858890207
248 0.8231639858890207
249 0.8231639858890207
250 0.8208210395634034
251 0.769342066576671
252 0.769342066576671
253 0.769342066576671
254 0.7329952619520315
255 0.7329952619520315
256 0.7329952619520315
257 0.7329952619520315
258 0.7329952619520315
259 0.7329952619520315
260 0.7329952619520315
261 0.7329952619520315
262 0.7329952619520315
263 0.7329952619520315
264 0.7300553460420467
265 0.6848722019855742
266 0.6848722019855742
267 0.6848722019855742
268 0.6848722019855742
269 0.6848722019855742
270 0.6826886695889602
271 0.6226191287773757
272 0.6226191287773757
273 0.5484581314382009
274 0.502367613463079
275 0.502367613463079
276 0.502367613463079
277 0.502367613463079
278 0.35395988729242045
279 0.35395988729242045
280 0.35395988729242045
281 0.35395988729242045
282 0.35395988729242045
283 0.35395988729242045
284 0.35395988729242045
285 0.3277388526492142
286 0.3277388526492142
287 0.3277388526492142
288 0.3277388526492142
289 0.3277388526492142
290 0.3277388526492142
291 0.32365427782825984
292 0.3194450467893203
293 0.3178424592658826
294 0.31717016178751556
295 0.3168688216510738
296 0.3036158324608844
297 0.3036158324608844
298 0.3036158324608844
299 0.3036158324608844
300 0.2893944604267511
301 0.2837088726485054
302 0.2833950931674557
303 0.2833950931674557
304 0.2833950931674557
305 0.2833950931674557
306 0.2833950931674557
307 0.2833950931674557
308 0.2783437507658131
309 0.2783437507658131
310 0.2738120416524181
311 0.2738120416524181
312 0.2738120416524181
313 0.272791495881627
314 0.272791495881627
315 0.272791495881627
316 0.2702997032620652
317 0.2689242882467898
318 0.26734409975655193
319 0.26734409975655193
320 0.26734409975655193
321 0.26734409975655193
322 0.26734409975655193
323 0.26734409975655193
324 0.26734409975655193
325 0.2369954470229998
326 0.2369954470229998
327 0.2369954470229998
328 0.220658981637034
329 0.17361062343221234
330 0.16633121036984955
331 0.16633121036984955
332 0.16633121036984955
333 0.16498572828329439
334 0.1456761877022329
335 0.1456761877022329
336 0.1456761877022329
337 0.1456761877022329
338 0.1456761877022329
339 0.13899536256773204
340 0.13899536256773204
341 0.13097636134800905
342 0.13097636134800905
343 0.13097636134800905
344 0.126797739548427
345 0.12081385324193972
346 0.11941725872622544
347 0.11902759932688622
348 0.11542417064396104
349 0.11480968287340187
350 0.1059428246066686
351 0.1059428246066686
352 0.1059428246066686
353 0.0948047165670588
354 0.08833354656455905
355 0.08754766509907963
356 0.08753006890472825
357 0.08753006890472825
358 0.08630218993036487
359 0.07418845534946272
360 0.07418845534946272
361 0.07418845534946272
362 0.07418845534946272
363 0.07408324413534118
364 0.07408324413534118
365 0.07408324413534118
366 0.07408324413534118
367 0.07070672181007909
368 0.062365788268085365
369 0.062365788268085365
370 0.057956151522345234
371 0.057956151522345234
372 0.057956151522345234
373 0.057380498149842474
374 0.057380498149842474
375 0.057380498149842474
376 0.054364517710664084
377 0.0542440281533042
378 0.0542440281533042
379 0.0542440281533042
380 0.0542440281533042
381 0.05413519852005433
382 0.05408095028682802
383 0.05035746795468743
384 0.04916511342423868
385 0.04916511342423868
386 0.04916511342423868
387 0.04916511342423868
388 0.045852069262544703
389 0.045473658482809376
390 0.04543333944978112
391 0.04543333944978112
392 0.04373273068026029
393 0.039646212383598334
394 0.038993832094677106
395 0.038993832094677106
396 0.038993832094677106
397 0.038993832094677106
398 0.03799957048219993
399 0.035947999068256076
400 0.034660404481754115
401 0.034660404481754115
402 0.034660404481754115
403 0.034660404481754115
404 0.03465119587963872
405 0.03381084914925114
406 0.033267258180700754
407 0.033267258180700754
408 0.033267258180700754
409 0.033267258180700754
410 0.033147565248753175
411 0.033147565248753175
412 0.033147565248753175
413 0.031626853288514
414 0.030623096564188046
415 0.030623096564188046
416 0.03018964343953956
417 0.029548889019653024
418 0.029284828683169728
419 0.028607682390618283
420 0.027685920176524603
421 0.027685920176524603
422 0.02722887561325149
423 0.02719032578691505
424 0.024283766096625636
425 0.02183775554389933
426 0.02183775554389933
427 0.02183775554389933
428 0.02183775554389933
429 0.02183775554389933
430 0.021592598814611508
431 0.021592598814611508
432 0.021153356735394424
433 0.020789370829689013
434 0.02030473947236633
435 0.020145175100618307
436 0.020145175100618307
437 0.020145175100618307
438 0.020145175100618307
439 0.01927572341477779
440 0.018646285596699563
441 0.018646285596699563
442 0.018646285596699563
443 0.017841073828560372
444 0.017841073828560372
445 0.017841073828560372
446 0.01756103967380518
447 0.017474551721495923
448 0.017459483956889343
449 0.017053864234987337
450 0.016917331664640933
451 0.016911646428246385
452 0.016874511616029597
453 0.01672792214178309
454 0.016352756975604676
455 0.016279705094641828
456 0.016147957002281443
457 0.016132039864985903
458 0.016132039864985903
459 0.01591394707096838
460 0.015856453517728686
461 0.015618197752227503
462 0.015498395275442167
463 0.01535770001571135
464 0.015270349790172943
465 0.015207899492967636
466 0.015069709183204383
467 0.015044595192020949
468 0.015008502554711978
469 0.014878894362736483
470 0.014855791189010703
471 0.014742002409000587
472 0.014675923864757467
473 0.014637979783019617
474 0.014392903569976023
475 0.014213340523416385
476 0.014179585383151672
477 0.01414273900990326
478 0.014014897552736438
479 0.013933400357547976
480 0.013933400357547976
481 0.013933400357547976
482 0.013912691613045203
483 0.013912691613045203
484 0.013864786966812148
485 0.013864786966812148
486 0.013864786966812148
487 0.013860831489753589
488 0.013812704212917803
489 0.013699108791802583
490 0.013699108791802583
491 0.013661947699877275
492 0.013602476753883708
493 0.013595460261286219
494 0.013549670643780654
495 0.01353072727062088
496 0.013478771339629603
497 0.013455786655172775
498 0.013432395632516414
499 0.013409691520064548
