# plotting_data3.dat
# First data block (index 0)
# X   Y
0 3.386741
1 0.470556
2 0.470556
3 0.442017
4 0.437477
5 0.435824
6 0.435824
7 0.435824
8 0.405770
9 0.405770
10 0.405226
11 0.405139
12 0.405139
13 0.405139
14 0.405139
15 0.405139
16 0.405139
17 0.405084
18 0.405084
19 0.405084
20 0.405084
21 0.405084
22 0.404623
23 0.404623
24 0.404623
25 0.404623
26 0.404623
27 0.404490
28 0.404490
29 0.404490
30 0.404490
31 0.404490
32 0.404490
33 0.404490
34 0.400214
35 0.400214
36 0.400214
37 0.400214
38 0.400214
39 0.400214
40 0.400214
41 0.400214
42 0.400214
43 0.399933
44 0.399933
45 0.399831
46 0.399831
47 0.399219
48 0.399219
49 0.399219
50 0.399219
51 0.398345
52 0.398345
53 0.398345
54 0.398345
55 0.398345
56 0.398085
57 0.398085
58 0.398085
59 0.398085
60 0.398085
61 0.398085
62 0.398085
63 0.398085
64 0.398085
65 0.397893
66 0.397893
67 0.397893
68 0.397893
69 0.397893
70 0.397893
71 0.397893
72 0.397893
73 0.397893
74 0.397893
75 0.397893
76 0.397893
77 0.397892
78 0.397892
79 0.397888
80 0.397888
81 0.397888
82 0.397888
83 0.397888
84 0.397888
85 0.397888
86 0.397888
87 0.397888
88 0.397888
89 0.397888
90 0.397888
91 0.397888
92 0.397888
93 0.397888
94 0.397888
95 0.397888
96 0.397888
97 0.397888
98 0.397888
99 0.397888
100 0.397888
101 0.397888
102 0.397888
103 0.397888
104 0.397888
105 0.397888
106 0.397888
107 0.397888
108 0.397888
109 0.397888
110 0.397888
111 0.397888
112 0.397888
113 0.397888
114 0.397888
115 0.397888
116 0.397888
117 0.397888
118 0.397888
119 0.397888
120 0.397888
121 0.397888
122 0.397888
123 0.397888
124 0.397888
125 0.397888
126 0.397888
127 0.397888
128 0.397888
129 0.397888
130 0.397888
131 0.397888
132 0.397888
133 0.397888
134 0.397888
135 0.397888
136 0.397888
137 0.397888
138 0.397888
139 0.397888
140 0.397888
141 0.397888
142 0.397888
143 0.397888
144 0.397888
145 0.397888
146 0.397888
147 0.397888
148 0.397888
149 0.397888
150 0.397888
151 0.397888
152 0.397888
153 0.397888
154 0.397888
155 0.397888
156 0.397888
157 0.397888
158 0.397888
159 0.397888
160 0.397888
161 0.397888
162 0.397888
163 0.397888
164 0.397888
165 0.397888
166 0.397888
167 0.397888
168 0.397888
169 0.397888
170 0.397888
171 0.397888
172 0.397888
173 0.397888
174 0.397888
175 0.397888
176 0.397888
177 0.397888
178 0.397888
179 0.397888
180 0.397888
181 0.397888
182 0.397888
183 0.397888
184 0.397888
185 0.397888
186 0.397888
187 0.397888
188 0.397888
189 0.397888
190 0.397888
191 0.397888
192 0.397888
193 0.397888
194 0.397888
195 0.397888
196 0.397888
197 0.397888
198 0.397888
199 0.397888
200 0.397888
201 0.397888
202 0.397888
203 0.397888
204 0.397888
205 0.397888
206 0.397888
207 0.397888
208 0.397888
209 0.397888
210 0.397888
211 0.397888
212 0.397888
213 0.397888
214 0.397888
215 0.397888
216 0.397888
217 0.397888
218 0.397888
219 0.397888
220 0.397888
221 0.397888
222 0.397888
223 0.397888
224 0.397888
225 0.397887
226 0.397887
227 0.397887
228 0.397887
229 0.397887
230 0.397887
231 0.397887
232 0.397887
233 0.397887
234 0.397887
235 0.397887
236 0.397887
237 0.397887
238 0.397887
239 0.397887
240 0.397887
241 0.397887
242 0.397887
243 0.397887
244 0.397887
245 0.397887
246 0.397887
247 0.397887
248 0.397887
249 0.397887
250 0.397887
251 0.397887
252 0.397887
253 0.397887
254 0.397887
255 0.397887
256 0.397887
257 0.397887
258 0.397887
259 0.397887
260 0.397887
261 0.397887
262 0.397887
263 0.397887
264 0.397887
265 0.397887
266 0.397887
267 0.397887
268 0.397887
269 0.397887
270 0.397887
271 0.397887
272 0.397887
273 0.397887
274 0.397887
275 0.397887
276 0.397887
277 0.397887
278 0.397887
279 0.397887
280 0.397887
281 0.397887
282 0.397887
283 0.397887
284 0.397887
285 0.397887
286 0.397887
287 0.397887
288 0.397887
289 0.397887
290 0.397887
291 0.397887
292 0.397887
293 0.397887
294 0.397887
295 0.397887
296 0.397887
297 0.397887
298 0.397887
299 0.397887
300 0.397887
301 0.397887
302 0.397887
303 0.397887
304 0.397887
305 0.397887
306 0.397887
307 0.397887
308 0.397887
309 0.397887
310 0.397887
311 0.397887
312 0.397887
313 0.397887
314 0.397887
315 0.397887
316 0.397887
317 0.397887
318 0.397887
319 0.397887
320 0.397887
321 0.397887
322 0.397887
323 0.397887
324 0.397887
325 0.397887
326 0.397887
327 0.397887
328 0.397887
329 0.397887
330 0.397887
331 0.397887
332 0.397887
333 0.397887
334 0.397887
335 0.397887
336 0.397887
337 0.397887
338 0.397887
339 0.397887
340 0.397887
341 0.397887
342 0.397887
343 0.397887
344 0.397887
345 0.397887
346 0.397887
347 0.397887
348 0.397887
349 0.397887
350 0.397887
351 0.397887
352 0.397887
353 0.397887
354 0.397887
355 0.397887
356 0.397887
357 0.397887
358 0.397887
359 0.397887
360 0.397887
361 0.397887
362 0.397887
363 0.397887
364 0.397887
365 0.397887
366 0.397887
367 0.397887
368 0.397887
369 0.397887
370 0.397887
371 0.397887
372 0.397887
373 0.397887
374 0.397887
375 0.397887
376 0.397887
377 0.397887
378 0.397887
379 0.397887
380 0.397887
381 0.397887
382 0.397887
383 0.397887
384 0.397887
385 0.397887
386 0.397887
387 0.397887
388 0.397887
389 0.397887
390 0.397887
391 0.397887
392 0.397887
393 0.397887
394 0.397887
395 0.397887
396 0.397887
397 0.397887
398 0.397887
399 0.397887
400 0.397887
401 0.397887
402 0.397887
403 0.397887
404 0.397887
405 0.397887
406 0.397887
407 0.397887
408 0.397887
409 0.397887
410 0.397887
411 0.397887
412 0.397887
413 0.397887
414 0.397887
415 0.397887
416 0.397887
417 0.397887
418 0.397887
419 0.397887
420 0.397887
421 0.397887
422 0.397887
423 0.397887
424 0.397887
425 0.397887
426 0.397887
427 0.397887
428 0.397887
429 0.397887
430 0.397887
431 0.397887
432 0.397887
433 0.397887
434 0.397887
435 0.397887
436 0.397887
437 0.397887
438 0.397887
439 0.397887
440 0.397887
441 0.397887
442 0.397887
443 0.397887
444 0.397887
445 0.397887
446 0.397887
447 0.397887
448 0.397887
449 0.397887
450 0.397887
451 0.397887
452 0.397887
453 0.397887
454 0.397887
455 0.397887
456 0.397887
457 0.397887
458 0.397887
459 0.397887
460 0.397887
461 0.397887
462 0.397887
463 0.397887
464 0.397887
465 0.397887
466 0.397887
467 0.397887
468 0.397887
469 0.397887
470 0.397887
471 0.397887
472 0.397887
473 0.397887
474 0.397887
475 0.397887
476 0.397887
477 0.397887
478 0.397887
479 0.397887
480 0.397887
481 0.397887
482 0.397887
483 0.397887
484 0.397887
485 0.397887
486 0.397887
487 0.397887
488 0.397887
489 0.397887
490 0.397887
491 0.397887
492 0.397887
493 0.397887
494 0.397887
495 0.397887
496 0.397887
497 0.397887
498 0.397887
499 0.397887


# First data block (index 1)
# X   Y
0 3.8054415745314234
1 1.448599543688598
2 1.0950192038163173
3 1.0950192038163173
4 0.9747804843116157
5 0.6212799660067319
6 0.6212799660067319
7 0.6212799660067319
8 0.6212799660067319
9 0.5601360877021424
10 0.5601360877021424
11 0.5601360877021424
12 0.5601360877021424
13 0.5601360877021424
14 0.5601360877021424
15 0.5601360877021424
16 0.5601360877021424
17 0.5601360877021424
18 0.5601360877021424
19 0.5601360877021424
20 0.5601360877021424
21 0.5601360877021424
22 0.5601360877021424
23 0.5601360877021424
24 0.5601360877021424
25 0.5601360877021424
26 0.5601360877021424
27 0.5601360877021424
28 0.5601360877021424
29 0.5601360877021424
30 0.5601360877021424
31 0.5601360877021424
32 0.5601360877021424
33 0.5601360877021424
34 0.5601360877021424
35 0.5601360877021424
36 0.5601360877021424
37 0.5601360877021424
38 0.5601360877021424
39 0.5601360877021424
40 0.5601360877021424
41 0.5601360877021424
42 0.5601360877021424
43 0.5601360877021424
44 0.5601360877021424
45 0.5601360877021424
46 0.5601360877021424
47 0.5601360877021424
48 0.5601360877021424
49 0.5601360877021424
50 0.5601360877021424
51 0.5601360877021424
52 0.5601360877021424
53 0.5601360877021424
54 0.5601360877021424
55 0.5601360877021424
56 0.5601360877021424
57 0.5601360877021424
58 0.5601360877021424
59 0.5601360877021424
60 0.5601360877021424
61 0.5601360877021424
62 0.5601360877021424
63 0.5601360877021424
64 0.5601360877021424
65 0.5601360877021424
66 0.5601360877021424
67 0.5601360877021424
68 0.5601360877021424
69 0.5601360877021424
70 0.5601360877021424
71 0.5601360877021424
72 0.5601360877021424
73 0.5601360877021424
74 0.5601360877021424
75 0.5601360877021424
76 0.5601360877021424
77 0.5601360877021424
78 0.5601360877021424
79 0.5601360877021424
80 0.5601360877021424
81 0.5601360877021424
82 0.5601360877021424
83 0.5601360877021424
84 0.5601360877021424
85 0.5601360877021424
86 0.5601360877021424
87 0.5601360877021424
88 0.5601360877021424
89 0.5601360877021424
90 0.5601360877021424
91 0.5601360877021424
92 0.5601360877021424
93 0.5601360877021424
94 0.5601360877021424
95 0.5601360877021424
96 0.5601360877021424
97 0.5601360877021424
98 0.5601360877021424
99 0.5601360877021424
100 0.5601360877021424
101 0.5601360877021424
102 0.5601360877021424
103 0.5601360877021424
104 0.5601360877021424
105 0.5601360877021424
106 0.5601360877021424
107 0.5601360877021424
108 0.5601360877021424
109 0.5601360877021424
110 0.5601360877021424
111 0.5601360877021424
112 0.5601360877021424
113 0.5601360877021424
114 0.5601360877021424
115 0.5601360877021424
116 0.5601360877021424
117 0.5601360877021424
118 0.5601360877021424
119 0.5601360877021424
120 0.5601360877021424
121 0.5601360877021424
122 0.5601360877021424
123 0.5601360877021424
124 0.5601360877021424
125 0.5601360877021424
126 0.5601360877021424
127 0.5601360877021424
128 0.5601360877021424
129 0.5601360877021424
130 0.5601360877021424
131 0.5601360877021424
132 0.5601360877021424
133 0.5601360877021424
134 0.5601360877021424
135 0.5601360877021424
136 0.5601360877021424
137 0.5601360877021424
138 0.5601360877021424
139 0.5601360877021424
140 0.5601360877021424
141 0.5601360877021424
142 0.5601360877021424
143 0.5601360877021424
144 0.5601360877021424
145 0.5601360877021424
146 0.5601360877021424
147 0.5601360877021424
148 0.5601360877021424
149 0.5601360877021424
150 0.5601360877021424
151 0.5601360877021424
152 0.5601360877021424
153 0.5601360877021424
154 0.5601360877021424
155 0.5601360877021424
156 0.5601360877021424
157 0.5601360877021424
158 0.5601360877021424
159 0.5601360877021424
160 0.5601360877021424
161 0.5601360877021424
162 0.5601360877021424
163 0.5601360877021424
164 0.5601360877021424
165 0.5601360877021424
166 0.5601360877021424
167 0.5601360877021424
168 0.5601360877021424
169 0.5601360877021424
170 0.5601360877021424
171 0.5601360877021424
172 0.5601360877021424
173 0.5601360877021424
174 0.5601360877021424
175 0.5601360877021424
176 0.5601360877021424
177 0.5601360877021424
178 0.5601360877021424
179 0.5601360877021424
180 0.5601360877021424
181 0.5601360877021424
182 0.5601360877021424
183 0.5601360877021424
184 0.5601360877021424
185 0.5601360877021424
186 0.5601360877021424
187 0.5601360877021424
188 0.5601360877021424
189 0.5601360877021424
190 0.5601360877021424
191 0.5601360877021424
192 0.5601360877021424
193 0.5601360877021424
194 0.5601360877021424
195 0.5601360877021424
196 0.5601360877021424
197 0.5601360877021424
198 0.5601360877021424
199 0.5601360877021424
200 0.5601360877021424
201 0.5601360877021424
202 0.5601360877021424
203 0.5601360877021424
204 0.5601360877021424
205 0.5601360877021424
206 0.5601360877021424
207 0.5601360877021424
208 0.5601360877021424
209 0.5601360877021424
210 0.5601360877021424
211 0.5601360877021424
212 0.5601360877021424
213 0.5601360877021424
214 0.5601360877021424
215 0.5601360877021424
216 0.5601360877021424
217 0.5601360877021424
218 0.5601360877021424
219 0.5601360877021424
220 0.5601360877021424
221 0.5601360877021424
222 0.5601360877021424
223 0.5601360877021424
224 0.5601360877021424
225 0.5601360877021424
226 0.5601360877021424
227 0.5601360877021424
228 0.5601360877021424
229 0.5601360877021424
230 0.5601360877021424
231 0.5601360877021424
232 0.5601360877021424
233 0.5601360877021424
234 0.5601360877021424
235 0.5601360877021424
236 0.5601360877021424
237 0.5601360877021424
238 0.5601360877021424
239 0.5601360877021424
240 0.5601360877021424
241 0.5601360877021424
242 0.5601360877021424
243 0.5601360877021424
244 0.5601360877021424
245 0.5601360877021424
246 0.5601360877021424
247 0.5601360877021424
248 0.5601360877021424
249 0.5601360877021424
250 0.5601360877021424
251 0.5601360877021424
252 0.5601360877021424
253 0.5601360877021424
254 0.5601360877021424
255 0.5601360877021424
256 0.5601360877021424
257 0.5601360877021424
258 0.5601360877021424
259 0.5601360877021424
260 0.5601360877021424
261 0.5601360877021424
262 0.5601360877021424
263 0.5601360877021424
264 0.5601360877021424
265 0.5601360877021424
266 0.5601360877021424
267 0.5601360877021424
268 0.5601360877021424
269 0.5601360877021424
270 0.5601360877021424
271 0.5601360877021424
272 0.5601360877021424
273 0.5601360877021424
274 0.5601360877021424
275 0.5601360877021424
276 0.5601360877021424
277 0.5601360877021424
278 0.5601360877021424
279 0.5601360877021424
280 0.5601360877021424
281 0.5601360877021424
282 0.5601360877021424
283 0.5601360877021424
284 0.5601360877021424
285 0.5601360877021424
286 0.5601360877021424
287 0.5601360877021424
288 0.5601360877021424
289 0.5601360877021424
290 0.5601360877021424
291 0.5601360877021424
292 0.5601360877021424
293 0.5601360877021424
294 0.5601360877021424
295 0.5601360877021424
296 0.5601360877021424
297 0.5601360877021424
298 0.5601360877021424
299 0.5601360877021424
300 0.5601360877021424
301 0.5601360877021424
302 0.5601360877021424
303 0.5601360877021424
304 0.5601360877021424
305 0.5601360877021424
306 0.5601360877021424
307 0.5601360877021424
308 0.5601360877021424
309 0.5601360877021424
310 0.5601360877021424
311 0.5601360877021424
312 0.5601360877021424
313 0.5601360877021424
314 0.5601360877021424
315 0.5601360877021424
316 0.5601360877021424
317 0.5601360877021424
318 0.5601360877021424
319 0.5601360877021424
320 0.5601360877021424
321 0.5601360877021424
322 0.5601360877021424
323 0.5601360877021424
324 0.5601360877021424
325 0.5601360877021424
326 0.5601360877021424
327 0.5601360877021424
328 0.5601360877021424
329 0.5601360877021424
330 0.5601360877021424
331 0.5601360877021424
332 0.5601360877021424
333 0.5601360877021424
334 0.5601360877021424
335 0.5601360877021424
336 0.5601360877021424
337 0.5601360877021424
338 0.5601360877021424
339 0.5601360877021424
340 0.5601360877021424
341 0.5601360877021424
342 0.5601360877021424
343 0.5601360877021424
344 0.5601360877021424
345 0.5601360877021424
346 0.5601360877021424
347 0.5601360877021424
348 0.5601360877021424
349 0.5601360877021424
350 0.5601360877021424
351 0.5601360877021424
352 0.5601360877021424
353 0.5601360877021424
354 0.5601360877021424
355 0.5601360877021424
356 0.5601360877021424
357 0.5601360877021424
358 0.5601360877021424
359 0.5601360877021424
360 0.5601360877021424
361 0.5601360877021424
362 0.5601360877021424
363 0.5601360877021424
364 0.5601360877021424
365 0.5601360877021424
366 0.5601360877021424
367 0.5601360877021424
368 0.5601360877021424
369 0.5601360877021424
370 0.5601360877021424
371 0.5601360877021424
372 0.5601360877021424
373 0.5601360877021424
374 0.5601360877021424
375 0.5601360877021424
376 0.5601360877021424
377 0.5601360877021424
378 0.5601360877021424
379 0.5601360877021424
380 0.5601360877021424
381 0.5601360877021424
382 0.5601360877021424
383 0.5601360877021424
384 0.5601360877021424
385 0.5601360877021424
386 0.5601360877021424
387 0.5601360877021424
388 0.5601360877021424
389 0.5601360877021424
390 0.5601360877021424
391 0.5601360877021424
392 0.5601360877021424
393 0.5601360877021424
394 0.5601360877021424
395 0.5601360877021424
396 0.5601360877021424
397 0.5601360877021424
398 0.5601360877021424
399 0.5601360877021424
400 0.5601360877021424
401 0.5601360877021424
402 0.5601360877021424
403 0.5601360877021424
404 0.5601360877021424
405 0.5601360877021424
406 0.5601360877021424
407 0.5601360877021424
408 0.5601360877021424
409 0.5601360877021424
410 0.5601360877021424
411 0.5601360877021424
412 0.5601360877021424
413 0.5601360877021424
414 0.5601360877021424
415 0.5601360877021424
416 0.5601360877021424
417 0.5601360877021424
418 0.5601360877021424
419 0.5601360877021424
420 0.5601360877021424
421 0.5601360877021424
422 0.5601360877021424
423 0.5601360877021424
424 0.5601360877021424
425 0.5601360877021424
426 0.5601360877021424
427 0.5601360877021424
428 0.5601360877021424
429 0.5601360877021424
430 0.5601360877021424
431 0.5601360877021424
432 0.5601360877021424
433 0.5601360877021424
434 0.5601360877021424
435 0.5601360877021424
436 0.5601360877021424
437 0.5601360877021424
438 0.5601360877021424
439 0.5601360877021424
440 0.5601360877021424
441 0.5601360877021424
442 0.5601360877021424
443 0.5601360877021424
444 0.5601360877021424
445 0.5601360877021424
446 0.5601360877021424
447 0.5601360877021424
448 0.5601360877021424
449 0.5601360877021424
450 0.5601360877021424
451 0.5601360877021424
452 0.5601360877021424
453 0.5601360877021424
454 0.5601360877021424
455 0.5601360877021424
456 0.5601360877021424
457 0.5601360877021424
458 0.5601360877021424
459 0.5601360877021424
460 0.5601360877021424
461 0.5601360877021424
462 0.5601360877021424
463 0.5601360877021424
464 0.5601360877021424
465 0.5601360877021424
466 0.5601360877021424
467 0.5601360877021424
468 0.5601360877021424
469 0.5601360877021424
470 0.5601360877021424
471 0.5601360877021424
472 0.5601360877021424
473 0.5601360877021424
474 0.5601360877021424
475 0.5601360877021424
476 0.5601360877021424
477 0.5601360877021424
478 0.5601360877021424
479 0.5601360877021424
480 0.5601360877021424
481 0.5601360877021424
482 0.5601360877021424
483 0.5601360877021424
484 0.5601360877021424
485 0.5601360877021424
486 0.5601360877021424
487 0.5601360877021424
488 0.5601360877021424
489 0.5601360877021424
490 0.5601360877021424
491 0.5601360877021424
492 0.5601360877021424
493 0.5601360877021424
494 0.5601360877021424
495 0.5601360877021424
496 0.5601360877021424
497 0.5601360877021424
498 0.5601360877021424
499 0.5601360877021424




# First data block (index 2)
# X   Y
0 2.9989010849845217
1 0.8087480413292258
2 0.8087480413292258
3 0.6166263473902767
4 0.6166263473902767
5 0.6166263473902767
6 0.6166263473902767
7 0.6166263473902767
8 0.6166263473902767
9 0.6166263473902767
10 0.6166263473902767
11 0.6166263473902767
12 0.6166263473902767
13 0.6166263473902767
14 0.6166263473902767
15 0.6166263473902767
16 0.6166263473902767
17 0.5931858709625004
18 0.5931858709625004
19 0.4694828944180145
20 0.4694828944180145
21 0.4694828944180145
22 0.4176123294525258
23 0.4176123294525258
24 0.4176123294525258
25 0.4176123294525258
26 0.4176123294525258
27 0.4176123294525258
28 0.4176123294525258
29 0.4176123294525258
30 0.4176123294525258
31 0.4176123294525258
32 0.4176123294525258
33 0.4176123294525258
34 0.4176123294525258
35 0.4176123294525258
36 0.4176123294525258
37 0.4176123294525258
38 0.4176123294525258
39 0.4176123294525258
40 0.4176123294525258
41 0.4176123294525258
42 0.4176123294525258
43 0.4176123294525258
44 0.4176123294525258
45 0.4176123294525258
46 0.4176123294525258
47 0.4176123294525258
48 0.4176123294525258
49 0.4176123294525258
50 0.4176123294525258
51 0.4176123294525258
52 0.4176123294525258
53 0.4176123294525258
54 0.4176123294525258
55 0.4176123294525258
56 0.4176123294525258
57 0.4176123294525258
58 0.4176123294525258
59 0.4176123294525258
60 0.4176123294525258
61 0.4176123294525258
62 0.4176123294525258
63 0.4176123294525258
64 0.4176123294525258
65 0.4176123294525258
66 0.4176123294525258
67 0.4176123294525258
68 0.4176123294525258
69 0.4176123294525258
70 0.4176123294525258
71 0.4176123294525258
72 0.4176123294525258
73 0.4176123294525258
74 0.4176123294525258
75 0.4176123294525258
76 0.4176123294525258
77 0.4176123294525258
78 0.4031998168004609
79 0.4031998168004609
80 0.4031998168004609
81 0.4031998168004609
82 0.4031998168004609
83 0.4031998168004609
84 0.4031998168004609
85 0.4031998168004609
86 0.4031998168004609
87 0.4031998168004609
88 0.4031998168004609
89 0.4031998168004609
90 0.4031998168004609
91 0.4031998168004609
92 0.4031998168004609
93 0.4031998168004609
94 0.4031998168004609
95 0.4031998168004609
96 0.4031998168004609
97 0.4031998168004609
98 0.4031998168004609
99 0.4031998168004609
100 0.4031998168004609
101 0.4031998168004609
102 0.4031998168004609
103 0.4031998168004609
104 0.4031998168004609
105 0.4031998168004609
106 0.4031998168004609
107 0.4031998168004609
108 0.4031998168004609
109 0.4031998168004609
110 0.4031998168004609
111 0.4031998168004609
112 0.4031998168004609
113 0.4031998168004609
114 0.4031998168004609
115 0.4031998168004609
116 0.4031998168004609
117 0.4012123865676003
118 0.3992912430364335
119 0.39841271891153696
120 0.3980557170611654
121 0.397948595998308
122 0.397948595998308
123 0.397948595998308
124 0.397948595998308
125 0.39794080217965977
126 0.39791211281351657
127 0.39791211281351657
128 0.39791211281351657
129 0.39791211281351657
130 0.39791211281351657
131 0.39790822517657887
132 0.3979016445698793
133 0.39789794663172984
134 0.39789582146055125
135 0.39789456885525354
136 0.3978938105288137
137 0.39789333910151825
138 0.3978930387188253
139 0.39789284315416396
140 0.39789271354504585
141 0.3978926264395568
142 0.39789256728499467
143 0.3978892968416847
144 0.3978874656898981
145 0.3978874656898981
146 0.3978874656898981
147 0.3978874656898981
148 0.3978874656898981
149 0.3978874656898981
150 0.3978874656898981
151 0.3978874656898981
152 0.3978874656898981
153 0.3978874656898981
154 0.3978874656898981
155 0.39788743108690205
156 0.39788743108690205
157 0.3978874222967299
158 0.39788740129763234
159 0.39788740129763234
160 0.39788740129763234
161 0.39788739078398017
162 0.39788739078398017
163 0.39788739078398017
164 0.39788739078398017
165 0.39788739078398017
166 0.39788739078398017
167 0.39788739078398017
168 0.39788739078398017
169 0.39788739078398017
170 0.39788739078398017
171 0.39788739078398017
172 0.39788739078398017
173 0.39788739078398017
174 0.39788739078398017
175 0.39788739078398017
176 0.39788739078398017
177 0.39788739078398017
178 0.39788739078398017
179 0.39788739078398017
180 0.3978873874003508
181 0.3978873874003508
182 0.3978873874003508
183 0.39788737255480555
184 0.39788737255480555
185 0.39788737255480555
186 0.39788737255480555
187 0.39788737255480555
188 0.39788737255480555
189 0.39788737255480555
190 0.3978873724719527
191 0.3978873724719527
192 0.3978873724719527
193 0.3978873724719527
194 0.3978873724719527
195 0.3978873723076042
196 0.3978873589546925
197 0.3978873589546925
198 0.3978873589546925
199 0.3978873589546925
200 0.3978873589546925
201 0.3978873589546925
202 0.3978873589546925
203 0.3978873589546925
204 0.3978873589546925
205 0.3978873587930156
206 0.3978873587930156
207 0.3978873587930156
208 0.3978873587930156
209 0.3978873587930156
210 0.3978873587930156
211 0.3978873587930156
212 0.3978873587930156
213 0.3978873587930156
214 0.3978873587930156
215 0.3978873587930156
216 0.3978873582814
217 0.3978873582814
218 0.3978873580057858
219 0.3978873580057858
220 0.3978873580057858
221 0.3978873580057858
222 0.39788735795051267
223 0.39788735795051267
224 0.39788735795051267
225 0.3978873577461659
226 0.3978873577461659
227 0.3978873577461659
228 0.3978873577461659
229 0.3978873577461659
230 0.3978873577461659
231 0.3978873577461659
232 0.3978873577461659
233 0.3978873577461659
234 0.3978873577461659
235 0.3978873577461659
236 0.3978873577461659
237 0.3978873577461659
238 0.39788735773793604
239 0.39788735773793604
240 0.3978873577302142
241 0.3978873577302142
242 0.3978873577302142
243 0.3978873577302142
244 0.3978873577302142
245 0.3978873577302142
246 0.3978873577302142
247 0.3978873577302142
248 0.39788735773007744
249 0.39788735773007744
250 0.39788735773007744
251 0.39788735773007744
252 0.39788735773007744
253 0.39788735773007744
254 0.39788735773007744
255 0.39788735773007744
256 0.39788735773007744
257 0.39788735773007744
258 0.3978873577298767
259 0.39788735772982164
260 0.39788735772982164
261 0.39788735772975947
262 0.39788735772975947
263 0.39788735772975947
264 0.39788735772975947
265 0.39788735772975947
266 0.39788735772975947
267 0.39788735772975947
268 0.39788735772975947
269 0.39788735772975947
270 0.39788735772975414
271 0.39788735772975414
272 0.39788735772973993
273 0.39788735772973993
274 0.39788735772973993
275 0.39788735772973993
276 0.39788735772973993
277 0.39788735772973816
278 0.39788735772973816
279 0.39788735772973816
280 0.39788735772973816
281 0.39788735772973816
282 0.39788735772973816
283 0.39788735772973816
284 0.39788735772973816
285 0.39788735772973816
286 0.39788735772973816
287 0.39788735772973816
288 0.39788735772973816
289 0.39788735772973816
290 0.39788735772973816
291 0.39788735772973816
292 0.39788735772973816
293 0.39788735772973816
294 0.39788735772973816
295 0.39788735772973816
296 0.39788735772973816
297 0.39788735772973816
298 0.39788735772973816
299 0.39788735772973816
300 0.39788735772973816
301 0.39788735772973816
302 0.39788735772973816
303 0.39788735772973816
304 0.39788735772973816
305 0.39788735772973816
306 0.39788735772973816
307 0.39788735772973816
308 0.39788735772973816
309 0.39788735772973816
310 0.39788735772973816
311 0.39788735772973816
312 0.39788735772973816
313 0.39788735772973816
314 0.39788735772973816
315 0.39788735772973816
316 0.39788735772973816
317 0.39788735772973816
318 0.39788735772973816
319 0.39788735772973816
320 0.39788735772973816
321 0.39788735772973816
322 0.39788735772973816
323 0.39788735772973816
324 0.39788735772973816
325 0.39788735772973816
326 0.39788735772973816
327 0.39788735772973816
328 0.39788735772973816
329 0.39788735772973816
330 0.39788735772973816
331 0.39788735772973816
332 0.39788735772973816
333 0.39788735772973816
334 0.39788735772973816
335 0.39788735772973816
336 0.39788735772973816
337 0.39788735772973816
338 0.39788735772973816
339 0.39788735772973816
340 0.39788735772973816
341 0.39788735772973816
342 0.39788735772973816
343 0.39788735772973816
344 0.39788735772973816
345 0.39788735772973816
346 0.39788735772973816
347 0.39788735772973816
348 0.39788735772973816
349 0.39788735772973816
350 0.39788735772973816
351 0.39788735772973816
352 0.39788735772973816
353 0.39788735772973816
354 0.39788735772973816
355 0.39788735772973816
356 0.39788735772973816
357 0.39788735772973816
358 0.39788735772973816
359 0.39788735772973816
360 0.39788735772973816
361 0.39788735772973816
362 0.39788735772973816
363 0.39788735772973816
364 0.39788735772973816
365 0.39788735772973816
366 0.39788735772973816
367 0.39788735772973816
368 0.39788735772973816
369 0.39788735772973816
370 0.39788735772973816
371 0.39788735772973816
372 0.39788735772973816
373 0.39788735772973816
374 0.39788735772973816
375 0.39788735772973816
376 0.39788735772973816
377 0.39788735772973816
378 0.39788735772973816
379 0.39788735772973816
380 0.39788735772973816
381 0.39788735772973816
382 0.39788735772973816
383 0.39788735772973816
384 0.39788735772973816
385 0.39788735772973816
386 0.39788735772973816
387 0.39788735772973816
388 0.39788735772973816
389 0.39788735772973816
390 0.39788735772973816
391 0.39788735772973816
392 0.39788735772973816
393 0.39788735772973816
394 0.39788735772973816
395 0.39788735772973816
396 0.39788735772973816
397 0.39788735772973816
398 0.39788735772973816
399 0.39788735772973816
400 0.39788735772973816
401 0.39788735772973816
402 0.39788735772973816
403 0.39788735772973816
404 0.39788735772973816
405 0.39788735772973816
406 0.39788735772973816
407 0.39788735772973816
408 0.39788735772973816
409 0.39788735772973816
410 0.39788735772973816
411 0.39788735772973816
412 0.39788735772973816
413 0.39788735772973816
414 0.39788735772973816
415 0.39788735772973816
416 0.39788735772973816
417 0.39788735772973816
418 0.39788735772973816
419 0.39788735772973816
420 0.39788735772973816
421 0.39788735772973816
422 0.39788735772973816
423 0.39788735772973816
424 0.39788735772973816
425 0.39788735772973816
426 0.39788735772973816
427 0.39788735772973816
428 0.39788735772973816
429 0.39788735772973816
430 0.39788735772973816
431 0.39788735772973816
432 0.39788735772973816
433 0.39788735772973816
434 0.39788735772973816
435 0.39788735772973816
436 0.39788735772973816
437 0.39788735772973816
438 0.39788735772973816
439 0.39788735772973816
440 0.39788735772973816
441 0.39788735772973816
442 0.39788735772973816
443 0.39788735772973816
444 0.39788735772973816
445 0.39788735772973816
446 0.39788735772973816
447 0.39788735772973816
448 0.39788735772973816
449 0.39788735772973816
450 0.39788735772973816
451 0.39788735772973816
452 0.39788735772973816
453 0.39788735772973816
454 0.39788735772973816
455 0.39788735772973816
456 0.39788735772973816
457 0.39788735772973816
458 0.39788735772973816
459 0.39788735772973816
460 0.39788735772973816
461 0.39788735772973816
462 0.39788735772973816
463 0.39788735772973816
464 0.39788735772973816
465 0.39788735772973816
466 0.39788735772973816
467 0.39788735772973816
468 0.39788735772973816
469 0.39788735772973816
470 0.39788735772973816
471 0.39788735772973816
472 0.39788735772973816
473 0.39788735772973816
474 0.39788735772973816
475 0.39788735772973816
476 0.39788735772973816
477 0.39788735772973816
478 0.39788735772973816
479 0.39788735772973816
480 0.39788735772973816
481 0.39788735772973816
482 0.39788735772973816
483 0.39788735772973816
484 0.39788735772973816
485 0.39788735772973816
486 0.39788735772973816
487 0.39788735772973816
488 0.39788735772973816
489 0.39788735772973816
490 0.39788735772973816
491 0.39788735772973816
492 0.39788735772973816
493 0.39788735772973816
494 0.39788735772973816
495 0.39788735772973816
496 0.39788735772973816
497 0.39788735772973816
498 0.39788735772973816
499 0.39788735772973816
